13.0
14.3
25.6
18.8
20.0
18.8
6.3
25.0
20.3
29.3
17.3
23.3
18.8
4.2
28.3
14.6
3.7
5.6
17.4
13.2
11.1
13.5
18.9
8.1
19.0
19.6
10.5
21.7
7.8
15.4
13.3
10.3
16.7
21.6
17.1
2.8
16.7
9.7
30.3
19.3
13.7
17.4
13.5
26.7
25.6
18.1
18.4
21.1
19.4
16.0
34.2
20.0
14.3
26.7
13.6
9.1
9.1
11.8
12.2
17.4
16.2
20.6
6.8
18.2
15.4
26.9
17.9
12.2
9.7
18.0
18.2
13.3
19.6
3.2
14.3
9.1
22.0
24.4
16.7
12.9
15.6
9.7
35.7
4.8
11.1
25.0
21.9
26.8
31.6
12.5
12.5
22.2
22.7
21.2
17.0
13.3
15.4
14.5
9.1
18.4
21.4
8.1
25.6
7.7
7.9
12.8
19.2
16.0
27.3
20.4
14.3
19.0
15.9
13.0
18.0
12.5
22.2
5.5
17.3
3.0
6.5
9.5
18.5
20.8
18.9
10.0
12.0
20.0
20.0
16.1
8.9
22.9
19.2
8.7
17.4
10.3
17.4
13.6
24.4
16.1
21.3
5.9
13.1
18.5
21.4
20.5
18.4
14.0
18.0
3.3
30.4
13.8
14.3
13.9
17.1
17.1
22.4
5.0
9.4
10.3
11.4
13.8
23.5
13.6
19.4
17.1
6.7
28.6
16.4
20.0
13.6
6.1
12.1
18.6
21.1
8.0
16.1
14.3
19.6
12.9
25.0
3.1
19.6
15.2
25.0
12.9
17.5
11.1
16.1
22.7
11.4
25.0
33.3
16.7
21.4
16.7
7.7
25.0
11.9
19.5
14.0
3.7
12.5
8.0
23.4
26.0
30.0
8.3
17.5
6.7
17.2
7.7
14.3
37.0
23.5
9.1
4.5
22.9
9.4
13.8
13.9
22.7
12.8
19.0
6.9
18.4
15.2
9.3
14.3
16.2
16.3
17.6
22.2
15.8
23.7
21.6
24.4
21.7
24.4
30.8
19.4
3.7
18.2
22.2
27.6
20.0
17.2
17.9
14.3
9.5
22.2
16.1
23.8
18.2
4.0
2.9
25.6
11.4
6.7
23.3
14.6
3.8
12.1
14.8
14.1
25.0
9.4
26.8
20.0
15.2
13.5
15.6
14.6
30.8
21.1
18.5
22.4
13.8
17.1
20.0
17.3
6.5
21.2
26.5
14.3
14.0
28.1
22.5
12.5
12.8
17.6
27.1
16.3
28.9
11.1
22.5
24.1
22.0
27.3
15.8
7.1
27.0
16.7
21.0
15.6
15.9
13.9
20.0
12.8
35.0
10.7
5.9
23.5
14.6
23.5
21.7
25.0
7.1
17.1
19.6
16.7
25.7
14.7
23.5
21.7
17.6
4.8
19.0
25.0
0.0
17.2
12.0
24.1
9.1
20.7
16.1
7.8
25.0
13.3
21.9
17.2
12.1
17.9
15.3
13.2
25.0
4.9
10.3
20.8
29.8
21.9
25.0
7.4
13.9
14.8
8.7
12.5
15.0
5.9
14.3
16.7
16.7
23.5
6.3
11.5
25.6
27.5
26.9
11.9
22.7
20.6
19.4
25.0
15.9
14.3
0.0
21.2
8.7
14.9
20.8
21.7
4.8
21.6
21.1
6.1
17.9
19.4
6.7
7.7
14.0
17.1
21.7
16.0
15.6
12.5
15.8
12.5
13.8
15.9
21.6
8.6
10.7
17.4
10.0
10.8
28.0
10.4
16.7
17.4
18.4
11.8
12.5
16.7
10.3
14.0
13.3
5.9
7.4
5.9
20.6
23.1
12.8
18.6
21.3
11.5
12.8
14.3
12.5
15.9
24.0
21.2
17.6
31.0
18.8
19.7
12.2
18.8
13.2
26.5
16.7
14.3
20.7
19.7
33.3
18.8
21.9
33.3
14.3
19.4
11.4
26.5
19.6
31.6
23.7
23.9
20.0
18.2
17.4
14.3
5.1
21.4
12.8
23.1
19.2
12.5
10.5
10.0
21.9
20.0
7.3
21.7
17.6
16.7
21.6
27.3
8.6
11.8
7.9
19.4
10.4
27.7
25.0
3.4
8.0
18.2
18.8
22.6
13.5
12.7
10.8
4.2
16.7
17.4
11.3
14.3
29.3
5.9
17.4
21.6
5.8
19.5
23.3
24.4
22.1
20.0
7.7
27.5
19.4
13.9
25.6
6.7
24.2
10.2
18.5
16.7
22.2
15.9
12.1
17.3
19.0
13.8
23.1
16.7
11.5
17.0
15.9
16.1
12.1
21.9
20.0
8.3
26.7
7.5
13.9
28.1
14.3
8.0
7.7
17.5
25.0
17.2
16.9
11.1
7.1
13.0
18.4
19.0
25.4
16.0
28.3
16.0
10.0
24.4
13.8
24.4
22.6
20.7
11.9
14.3
3.7
13.0
24.4
11.4
21.7
19.4
13.3
20.6
17.3
17.9
18.0
