41.2
65.0
68.0
52.4
52.5
63.6
55.6
62.5
50.0
69.0
69.7
72.4
48.3
41.2
55.6
63.3
55.1
41.7
62.5
65.6
56.1
42.5
47.2
48.1
50.0
53.3
57.1
40.0
61.7
52.6
46.0
64.7
54.2
51.0
50.0
58.5
48.6
50.0
50.7
50.0
61.5
32.6
44.4
52.6
50.0
56.3
51.5
34.8
46.3
56.1
50.0
51.5
44.7
59.4
52.7
38.9
63.6
32.1
47.2
65.0
58.1
51.7
52.0
59.3
51.2
64.2
76.0
72.3
56.8
55.9
54.5
67.7
53.8
52.2
70.8
56.9
62.2
61.1
72.5
62.5
63.2
47.7
56.8
60.6
55.8
38.6
53.3
67.6
43.8
65.6
41.2
61.7
36.6
56.5
50.0
73.3
55.6
56.8
60.7
46.7
51.1
47.1
49.1
51.7
48.6
45.9
41.9
44.8
48.2
34.8
56.4
52.6
66.0
60.7
65.5
56.3
51.4
50.0
50.9
33.3
23.8
46.8
54.5
43.3
45.9
50.0
42.9
41.7
61.1
48.8
54.1
53.2
48.8
38.1
54.2
53.5
44.4
56.5
53.8
45.7
82.1
71.0
56.7
38.1
45.5
61.5
50.0
65.2
70.0
41.5
30.3
35.5
45.5
43.5
67.4
60.7
47.4
48.8
50.0
66.7
57.9
48.6
55.2
48.9
51.2
39.5
70.0
57.9
56.9
59.5
55.0
62.5
50.0
58.8
42.9
50.0
41.9
36.6
54.8
61.5
40.5
39.5
51.4
67.8
62.7
114.3
70.4
95.3
54.3
73.5
53.3
62.3
58.3
68.0
56.8
59.5
59.3
60.6
44.4
61.8
49.2
41.2
44.9
61.8
41.7
44.4
63.8
89.5
59.6
60.0
81.0
62.5
43.1
58.5
45.0
52.6
47.7
48.6
36.7
68.2
38.5
61.9
51.0
68.8
59.6
47.1
47.6
66.7
56.4
38.0
55.9
46.7
62.5
54.1
60.0
28.0
40.7
52.8
51.3
53.1
55.0
60.7
69.0
68.3
61.0
48.3
63.6
50.0
45.0
42.9
54.8
54.8
55.6
37.0
58.3
52.0
37.9
60.0
58.8
48.5
58.3
42.5
53.8
65.5
50.8
53.2
45.5
51.4
57.4
43.2
53.1
50.0
54.4
61.5
61.9
71.0
72.0
40.5
50.0
26.9
62.7
58.1
57.1
71.4
45.1
43.9
47.4
55.8
43.9
53.8
52.6
54.2
51.0
58.1
54.1
70.0
66.7
61.0
58.6
70.9
58.3
58.1
50.8
59.0
45.9
58.1
48.9
54.5
51.1
56.8
49.2
58.8
56.1
48.7
38.5
59.4
37.8
42.4
51.5
58.1
57.4
56.8
63.3
54.8
55.6
56.0
64.9
51.4
64.7
77.1
51.6
51.9
53.1
60.0
46.2
69.4
44.6
41.4
55.2
51.3
40.9
54.5
50.0
59.4
43.2
57.9
60.7
55.6
46.7
50.0
54.5
38.9
51.8
38.2
58.1
45.2
53.2
40.0
53.1
50.0
47.2
21.9
62.5
45.5
58.6
73.2
56.5
62.1
61.0
56.5
48.5
59.2
56.5
50.0
41.3
60.0
45.5
57.4
52.4
34.5
56.0
41.9
63.6
56.5
63.2
48.8
55.6
86.2
56.8
56.3
58.1
56.7
61.9
50.0
47.4
51.6
60.0
47.1
55.0
45.0
48.1
56.6
51.9
57.1
57.5
54.2
52.9
56.5
62.5
63.0
59.0
67.7
59.6
41.7
48.6
73.7
55.4
53.1
68.3
57.1
60.0
57.1
56.5
55.6
52.6
46.8
48.7
58.0
58.7
51.4
53.8
42.9
46.4
57.1
54.8
60.5
45.2
55.2
52.4
42.1
54.5
50.0
47.7
57.1
52.1
36.7
50.0
61.1
58.0
46.0
61.4
39.3
71.4
48.8
45.9
60.0
55.0
38.7
48.6
71.4
44.1
45.2
54.7
51.3
50.0
43.2
39.4
48.1
53.6
39.0
55.9
43.3
43.8
31.9
37.5
36.7
45.7
28.9
56.0
63.2
45.2
55.3
42.9
42.2
48.9
40.5
40.7
55.2
39.3
53.3
63.6
63.3
55.6
52.4
53.3
58.6
59.5
47.1
69.6
49.0
52.8
58.0
53.8
56.5
51.4
57.7
56.5
65.3
55.6
57.1
48.9
52.9
56.4
61.3
45.5
54.1
55.6
47.5
55.6
51.4
52.7
55.6
64.0
62.1
56.0
47.4
46.2
58.7
47.1
50.0
43.3
54.5
52.3
44.0
34.4
36.8
61.4
44.4
59.5
35.5
36.7
56.4
55.9
50.0
46.0
56.7
66.7
41.2
56.1
47.6
71.4
76.5
60.6
61.1
62.5
50.0
56.4
53.8
50.0
41.7
59.2
47.2
43.8
59.1
60.0
43.5
60.6
66.1
54.9
63.3
77.4
54.2
55.2
61.4
68.3
61.1
67.3
62.5
69.2
93.8
57.4
58.5
56.4
52.2
62.8
45.0
71.9
42.9
59.5
48.8
53.6
48.3
47.2
57.4
46.2
51.5
65.9
45.5
60.0
69.2
68.6
54.3
52.9
61.1
49.1
56.0
63.5
48.5
61.1
63.6
32.0
35.3
60.0
63.3
50.0
44.4
44.7
54.5
51.2
51.9
44.8
63.3
52.2
52.9
53.3
43.5
59.1
45.5
55.0
34.1
54.8
56.8
68.8
48.9
52.3
50.0
53.5
42.2
59.3
60.7
73.5
55.0
60.6
64.3
56.3
43.3
36.0
55.6
47.2
41.5
64.7
48.3
46.7
43.9
41.7
81.3
35.1
48.5
41.2
52.2
41.9
55.6
61.1
59.1
58.3
38.2
54.5
43.5
55.6
63.4
63.9
62.5
47.1
52.8
75.0
61.9
57.1
56.8
54.4
56.5
47.3
53.5
68.8
51.5
57.1
50.0
50.0
65.7
45.7
38.6
48.8
44.8
42.9
38.7
38.1
60.7
45.8
56.8
45.2
54.7
34.4
20.0
56.3
46.6
46.4
55.8
38.9
59.4
65.6
50.0
50.0
84.2
51.9
50.0
69.8
65.5
65.7
49.0
40.0
67.6
55.6
56.4
55.9
62.1
44.9
56.3
45.2
61.8
49.2
62.8
52.9
49.2
65.8
60.0
64.2
67.7
63.9
52.2
63.2
54.0
60.5
64.7
43.8
56.4
61.1
50.0
55.2
65.6
57.7
66.7
50.0
37.5
42.4
60.4
44.4
74.2
48.6
50.0
61.1
48.3
62.1
57.7
64.3
55.6
62.1
60.6
48.6
66.7
54.2
38.6
61.5
50.0
35.1
45.5
57.6
52.0
55.0
64.0
64.3
51.5
63.3
51.4
47.2
47.4
60.7
41.9
47.8
40.0
61.3
42.5
46.9
50.0
52.6
31.3
50.0
60.0
50.0
62.5
54.5
49.1
50.0
44.4
46.5
61.0
48.8
59.3
44.0
42.1
56.8
45.9
46.2
57.4
57.9
41.2
50.0
56.8
53.8
47.5
55.6
51.2
73.2
47.7
48.5
59.3
47.0
59.3
62.5
50.0
45.2
44.0
48.7
57.1
40.3
53.8
45.0
45.0
39.5
58.6
60.5
50.0
43.8
56.3
65.5
64.7
56.8
61.4
53.3
49.2
55.9
54.5
57.1
54.2
46.4
44.1
51.2
57.1
29.2
45.2
51.4
33.3
63.4
46.7
75.0
70.6
62.2
50.0
56.1
52.7
51.4
47.2
68.0
68.8
59.3
63.3
63.6
76.7
55.9
55.2
46.9
55.0
47.8
61.8
58.0
52.6
43.5
53.7
50.0
43.8
59.3
32.6
45.7
40.6
43.2
30.4
52.9
50.0
58.8
58.5
52.4
56.9
68.8
43.3
44.7
41.7
40.0
47.3
39.0
60.0
54.8
32.3
54.4
54.5
66.1
46.7
58.3
44.0
64.5
56.8
61.5
45.9
27.8
59.4
50.0
55.0
50.0
50.0
59.4
55.0
47.4
43.3
62.5
28.0
73.3
56.8
45.9
42.4
67.5
57.5
38.9
70.0
51.9
42.4
50.0
53.6
59.5
39.3
69.2
51.4
42.2
55.9
41.4
37.5
59.4
42.6
50.0
44.0
56.8
53.8
48.4
50.0
74.2
54.2
62.1
51.6
70.0
45.9
65.0
44.1
54.1
50.0
50.0
75.0
52.6
51.2
56.6
55.6
51.1
41.5
41.2
55.3
57.7
50.0
55.6
59.3
36.4
50.0
48.4
45.5
46.2
51.6
47.1
42.9
50.8
45.9
52.0
40.9
41.2
25.6
62.5
50.0
34.5
60.0
71.4
42.9
45.1
47.6
50.0
51.9
47.9
41.0
56.7
68.0
55.6
37.8
57.7
60.0
46.0
56.7
54.8
47.1
46.5
53.5
50.0
51.9
52.9
50.9
48.6
51.5
64.7
52.9
61.8
60.3
49.2
55.6
54.3
75.0
69.0
61.3
62.5
56.3
48.6
55.6
66.7
72.4
58.1
57.9
52.9
54.5
55.1
60.7
47.6
71.4
41.7
51.0
63.3
70.6
50.0
42.6
42.9
63.0
64.9
56.8
74.3
50.0
58.6
56.7
76.2
54.0
50.0
58.5
47.4
62.9
47.6
41.5
66.7
64.3
48.6
35.5
67.3
67.6
62.1
38.2
76.2
55.9
44.1
63.6
60.0
58.8
43.6
66.7
48.7
38.7
68.8
40.0
57.1
41.9
55.0
50.0
60.0
50.0
61.1
38.9
51.3
57.6
51.8
52.6
66.7
37.5
68.0
56.3
57.1
60.0
60.0
50.0
51.5
71.0
60.6
54.5
48.4
54.5
28.9
49.1
51.2
57.8
50.0
39.5
50.0
58.7
69.7
56.4
50.0
57.9
66.7
57.9
53.8
57.1
58.8
51.7
48.9
51.4
53.8
46.3
52.5
70.6
25.8
65.2
38.5
52.4
45.5
54.3
57.4
68.0
43.5
56.1
53.7
24.0
43.5
39.5
52.8
58.8
58.8
58.0
41.9
65.5
37.5
52.1
53.3
43.5
41.5
48.4
66.7
48.3
41.2
55.6
67.3
51.4
30.6
45.7
35.5
51.7
59.3
39.0
34.2
48.3
39.5
29.3
48.6
34.9
56.1
51.1
62.0
57.9
41.7
30.4
50.0
28.6
42.1
44.1
48.4
52.5
61.8
56.0
53.6
46.9
58.6
42.9
69.0
69.2
42.6
56.3
65.5
54.5
53.3
50.0
57.1
57.6
52.8
54.5
61.5
51.4
53.1
45.2
50.0
66.7
50.0
60.0
48.3
52.8
46.7
51.5
40.0
46.2
55.6
61.1
73.1
61.3
54.3
62.5
47.5
57.9
57.5
52.0
56.4
52.5
34.6
70.6
80.6
52.2
55.2
38.7
58.8
48.0
46.7
63.4
40.0
62.5
40.0
45.5
45.5
57.6
52.4
47.2
54.5
50.9
44.4
51.0
81.8
57.7
48.7
54.8
38.2
42.9
56.7
29.0
71.9
47.8
45.2
56.4
50.0
68.2
49.2
37.8
53.8
61.8
52.5
54.3
47.2
45.0
53.2
44.1
50.0
59.2
73.9
55.3
51.4
52.6
45.9
46.2
79.3
48.1
51.4
47.7
68.0
49.3
54.1
36.1
62.2
54.5
51.4
50.0
68.6
50.9
55.9
47.5
42.1
50.8
66.7
51.6
47.3
48.4
33.3
57.1
54.3
50.0
67.9
40.5
45.1
52.0
53.0
31.0
51.4
57.1
43.3
64.1
72.2
48.0
54.1
69.7
57.6
52.3
43.9
53.3
63.6
44.0
52.8
44.4
42.9
58.6
46.0
43.8
50.0
64.0
64.3
64.5
56.5
56.4
69.2
55.3
52.4
50.0
52.9
38.3
43.8
39.6
45.8
46.2
70.4
53.3
54.2
57.7
53.7
59.1
58.3
83.9
75.0
52.8
54.1
54.2
57.6
59.5
48.0
58.6
51.7
31.8
50.8
46.2
52.8
54.1
50.0
55.9
47.0
47.8
45.9
69.6
41.5
72.7
58.5
45.5
46.9
52.4
45.2
38.3
72.7
63.6
56.4
32.6
41.2
94.7
44.4
33.3
45.0
42.9
57.4
40.0
54.7
55.6
50.0
70.8
51.9
29.0
53.3
42.9
55.9
25.0
58.1
64.3
52.6
56.3
60.0
58.5
51.9
62.1
42.3
71.4
56.7
55.9
65.4
75.0
45.8
51.4
56.5
40.9
66.7
65.5
48.7
42.4
61.7
80.8
66.7
55.3
50.0
46.7
49.0
47.4
47.5
35.3
56.0
51.4
57.1
52.5
59.0
61.5
48.8
52.6
46.7
73.0
52.8
54.2
61.5
40.4
69.2
50.0
51.6
60.0
59.5
46.3
40.7
60.0
37.1
64.7
69.7
52.9
47.2
57.5
48.6
38.7
45.0
66.7
54.3
65.5
52.9
62.5
45.2
62.5
46.6
56.7
55.8
55.6
40.5
48.1
38.9
30.0
55.2
63.0
62.3
37.8
63.6
58.6
48.3
92.6
45.5
46.7
31.6
48.7
42.9
52.2
35.3
41.0
41.2
45.0
54.1
74.1
64.7
53.3
56.3
54.5
55.3
57.1
56.3
66.7
52.0
57.4
52.8
48.5
50.0
40.7
44.4
56.8
40.0
44.4
56.8
48.6
64.2
56.5
63.2
58.6
65.6
64.7
62.5
55.6
44.1
64.8
71.4
40.7
48.0
51.4
59.1
40.6
52.9
56.6
58.8
43.9
39.0
41.9
51.1
51.9
63.2
40.9
52.7
38.7
55.0
63.2
60.0
35.8
50.7
78.6
36.4
51.0
41.9
77.4
28.1
44.9
50.0
53.3
54.5
39.4
54.8
81.0
42.9
65.0
57.4
61.9
52.0
53.3
56.1
64.9
55.6
50.0
70.0
64.9
52.6
47.8
48.6
51.9
55.6
56.0
52.9
52.8
73.7
55.1
63.6
52.9
59.5
54.2
37.5
45.5
52.3
50.0
63.9
40.5
60.0
51.2
58.1
54.7
67.3
50.0
47.5
43.3
43.3
53.7
37.5
50.0
71.7
68.5
79.2
69.4
55.3
48.6
66.1
60.0
53.5
47.2
47.6
62.5
47.5
57.1
56.6
57.1
43.8
54.8
51.1
55.9
48.9
48.5
58.8
63.4
65.5
60.9
66.7
50.0
59.2
44.4
40.7
60.8
26.1
60.0
65.6
49.2
53.7
51.1
48.7
47.2
52.5
63.0
45.2
52.9
33.3
60.5
41.2
52.6
56.6
62.5
48.5
57.9
60.0
61.5
65.7
45.5
63.3
38.7
48.6
45.8
47.1
64.1
45.0
56.3
59.6
48.6
64.5
67.7
65.1
56.4
68.0
63.3
41.0
54.3
51.4
45.1
57.9
60.0
69.4
78.9
56.4
55.6
64.9
57.8
49.0
54.8
54.3
48.8
57.4
44.8
48.6
65.0
56.3
34.5
45.5
50.0
51.9
35.5
57.5
57.1
72.5
47.2
62.5
60.0
57.6
47.7
50.0
61.8
44.4
48.4
50.0
53.2
57.6
52.0
45.9
60.5
42.9
66.7
52.5
50.0
54.2
51.4
63.6
69.6
44.8
48.0
46.2
86.7
55.6
57.9
60.0
61.3
52.4
69.4
51.4
66.7
55.9
53.3
66.7
41.2
55.6
57.9
58.3
66.7
56.5
29.0
52.5
59.5
47.8
47.1
50.0
52.2
66.7
53.8
44.8
44.4
51.2
46.9
38.6
40.0
62.9
50.0
37.5
54.3
39.1
52.5
48.7
78.9
71.4
61.0
80.0
65.4
56.3
38.2
62.1
60.0
67.2
59.3
42.4
51.0
72.0
52.8
57.1
51.7
53.7
55.8
52.9
60.7
46.9
46.7
45.9
50.8
64.8
46.2
36.0
26.9
51.7
43.2
52.9
56.6
65.0
53.5
72.5
40.0
51.1
48.8
48.0
50.0
65.2
73.0
52.6
66.0
52.5
38.2
51.6
36.1
54.5
63.0
47.5
58.3
38.1
58.1
48.7
46.7
48.4
59.5
42.9
55.3
60.0
38.2
56.1
52.5
60.0
66.7
40.7
55.9
74.1
65.6
64.7
73.1
57.9
54.5
57.1
62.1
50.0
47.1
54.1
63.2
48.3
66.7
45.9
62.1
58.7
54.5
45.5
51.7
72.2
42.9
63.6
62.5
62.5
34.1
49.2
71.4
54.3
62.9
64.5
71.4
58.1
58.1
42.4
60.0
59.0
44.8
52.5
65.4
47.1
42.9
48.6
54.5
50.0
52.1
50.0
57.8
61.5
36.6
55.9
32.3
46.8
44.4
43.8
56.3
54.2
52.0
53.8
58.6
45.7
41.0
33.3
51.4
51.9
52.6
72.0
94.1
75.8
63.5
55.4
69.0
60.0
72.4
60.3
51.7
64.3
51.4
60.0
32.0
55.6
57.9
50.0
31.8
52.9
60.6
50.0
55.6
37.5
50.0
47.1
44.1
47.6
37.8
56.5
52.0
46.4
31.4
47.5
61.1
45.2
75.9
61.4
56.1
48.8
58.1
54.8
62.5
56.3
59.5
60.0
71.1
52.2
55.0
53.8
59.5
54.1
46.2
67.7
60.0
74.4
56.4
42.9
34.4
43.3
56.8
62.2
66.7
56.8
51.1
46.9
41.9
55.3
41.4
59.5
77.8
57.4
50.0
51.4
60.5
55.9
39.5
48.0
39.5
42.9
27.0
39.7
68.2
56.8
50.0
69.6
47.6
50.0
57.5
52.8
45.9
56.4
46.2
79.3
53.6
52.8
41.9
44.1
55.0
53.1
52.1
58.3
44.4
54.1
45.8
55.2
69.7
52.5
69.2
56.1
57.7
51.5
48.3
75.9
61.1
57.1
55.1
55.2
45.7
48.8
48.4
58.8
51.5
44.1
44.0
46.4
46.7
46.4
38.9
50.0
58.1
51.5
63.9
65.0
52.0
70.6
66.7
46.7
52.6
48.1
42.3
43.9
57.1
38.8
42.9
45.0
63.9
57.6
53.8
59.0
53.7
56.0
55.9
57.1
58.1
56.3
66.7
58.1
64.5
52.2
50.0
55.4
70.8
63.3
57.8
48.6
57.7
59.5
62.5
48.0
71.2
53.1
56.9
40.5
50.0
57.4
54.8
61.9
72.1
50.0
65.2
63.0
55.8
54.3
65.7
43.3
73.1
61.3
61.4
32.3
58.2
71.1
38.9
62.5
42.6
38.9
47.2
70.0
45.8
47.4
46.3
47.6
37.5
51.5
64.9
55.2
72.0
69.7
53.7
58.5
34.4
42.2
66.0
53.6
41.9
62.1
51.5
43.1
57.1
51.8
44.9
63.6
53.1
60.0
34.1
44.1
58.5
52.5
56.0
118.2
36.0
64.1
31.8
62.9
50.0
59.4
55.8
42.5
34.5
54.2
46.9
24.1
38.6
45.8
60.7
50.0
38.2
38.1
53.3
59.1
75.0
51.2
58.3
47.5
55.2
55.9
35.5
50.0
46.2
51.4
42.9
61.8
53.6
44.8
65.7
47.5
51.3
54.4
52.8
56.0
40.0
48.1
35.1
54.5
47.4
34.0
40.0
48.6
53.7
54.1
42.9
66.7
55.9
54.0
61.3
58.1
53.3
51.2
52.0
35.7
69.2
62.1
57.5
67.7
43.1
54.3
35.3
47.5
53.8
32.8
38.8
100.0
54.0
56.4
40.5
52.4
75.9
59.5
60.0
73.1
76.5
54.1
45.7
45.3
56.7
62.5
61.2
75.0
72.0
63.8
43.6
39.3
42.9
73.5
59.6
57.1
51.0
60.4
41.4
44.0
57.5
57.6
35.3
41.9
48.3
55.6
42.5
45.0
54.4
52.5
65.7
56.5
60.0
40.8
70.3
56.7
80.0
68.2
69.7
56.9
62.2
55.3
64.1
65.6
58.7
50.0
54.1
85.0
50.0
53.8
65.0
51.5
60.0
55.9
50.0
47.1
69.0
53.1
58.1
52.2
25.0
64.3
56.7
48.5
50.8
53.7
47.8
41.5
46.2
54.5
25.0
50.0
22.7
41.5
39.4
48.5
60.0
71.8
52.4
60.6
43.3
56.0
32.3
64.3
57.1
50.7
64.3
47.8
59.1
58.6
52.9
58.5
47.1
50.0
66.7
54.8
45.5
43.2
56.8
61.7
59.1
55.9
37.5
67.9
51.8
54.2
43.3
63.8
60.0
54.2
54.3
60.0
48.3
51.6
57.6
67.2
50.0
63.0
63.0
67.9
40.5
47.9
41.2
60.5
43.8
28.6
65.2
53.8
50.0
62.7
58.3
60.0
71.4
56.5
57.4
46.9
44.4
76.5
33.3
56.8
57.8
57.1
39.3
55.2
50.0
62.5
48.0
57.1
55.6
45.5
45.0
62.1
59.4
69.8
47.4
75.9
52.4
64.7
54.8
66.7
38.1
60.0
61.3
47.9
65.0
40.6
65.7
54.3
48.6
45.1
37.0
59.6
65.0
43.1
59.2
65.8
55.2
55.3
35.7
58.5
56.1
54.1
53.3
50.0
65.4
56.7
51.6
44.1
78.6
61.8
54.5
51.1
52.6
56.0
41.9
44.1
63.2
45.9
50.0
69.2
51.7
47.2
36.4
64.0
65.8
58.6
51.0
45.3
58.1
45.7
54.8
43.3
50.0
47.1
63.3
59.4
50.0
37.7
45.5
49.2
57.9
59.3
55.3
62.1
56.0
61.1
37.0
52.4
50.0
54.8
68.2
52.0
54.8
52.3
58.8
50.8
40.0
61.8
52.9
64.5
40.0
46.3
50.0
52.8
59.4
48.0
60.0
44.7
74.4
45.1
49.0
59.5
45.5
50.0
50.0
54.5
50.0
40.0
44.7
56.4
45.0
54.3
58.3
50.0
56.8
63.0
53.3
37.5
63.2
52.0
63.3
58.1
40.0
50.0
33.3
69.0
60.6
60.8
46.2
71.9
60.4
51.9
57.9
55.6
41.7
56.3
40.4
48.5
52.3
54.2
52.5
55.2
68.4
70.5
66.7
48.5
30.6
52.5
43.8
