44.1
75.0
64.0
52.4
55.0
66.7
66.7
65.6
43.5
69.0
72.7
79.3
48.3
47.1
50.0
73.3
53.1
38.9
62.5
56.3
58.5
52.5
52.8
44.4
45.8
60.0
61.9
44.0
63.3
55.3
44.4
70.6
56.3
53.1
58.8
64.2
59.5
65.4
46.4
47.5
65.4
32.6
40.7
52.6
46.2
53.1
54.5
39.1
50.0
61.0
50.0
47.0
44.7
59.4
54.5
41.7
67.3
42.9
52.8
65.0
58.1
55.2
48.0
63.0
53.7
67.9
80.0
83.0
56.8
55.9
57.6
67.7
59.0
67.4
70.8
60.3
60.0
69.4
90.2
81.3
57.9
50.0
56.8
75.8
58.1
45.5
46.7
64.7
56.3
71.9
41.2
65.0
36.6
47.8
55.0
80.0
55.6
54.1
53.6
48.9
51.1
44.1
50.9
58.6
54.1
45.9
48.4
44.8
53.6
34.8
56.4
52.6
60.0
60.7
62.1
50.0
57.1
54.2
61.4
36.1
23.8
61.7
59.1
43.3
43.2
61.9
47.6
50.0
66.7
60.5
54.1
50.0
58.1
38.1
61.0
72.1
63.9
73.9
69.2
51.4
103.6
74.2
55.0
38.1
50.0
59.0
61.1
63.0
77.5
45.3
33.3
38.7
48.5
50.0
72.1
60.7
42.1
48.8
50.0
54.5
63.2
51.4
51.7
44.7
48.8
31.6
68.0
63.2
62.1
64.3
65.0
75.0
57.1
58.8
42.9
64.7
38.7
36.6
58.1
61.5
48.6
37.2
68.6
67.8
72.9
128.6
81.5
97.7
60.9
73.5
55.0
65.6
58.3
68.0
70.3
59.5
66.7
63.6
50.0
61.8
49.2
41.2
46.9
58.8
54.2
52.8
63.8
84.2
61.4
66.7
76.2
58.3
49.0
65.9
52.5
49.1
52.3
51.4
50.0
77.3
42.3
57.1
49.0
68.8
57.4
50.0
47.6
66.7
59.0
48.0
52.5
41.7
56.3
59.5
48.0
28.0
55.6
50.0
56.4
59.4
67.5
60.7
66.7
65.9
58.5
58.6
60.0
48.0
45.0
42.9
54.8
54.8
57.8
37.0
52.8
60.0
55.2
62.2
64.7
54.5
60.4
47.5
51.3
62.1
54.2
57.4
48.5
51.4
66.0
40.5
59.4
53.4
49.1
61.5
66.7
61.3
64.0
40.5
58.3
23.1
60.8
54.8
61.9
66.7
54.9
41.5
52.6
53.5
48.5
53.8
57.9
52.1
52.9
61.3
62.2
80.0
71.7
58.5
58.6
74.5
66.7
61.3
45.9
56.4
54.1
48.4
44.7
57.6
51.1
54.1
47.6
70.6
61.0
46.2
42.3
56.3
32.4
36.4
48.5
61.3
59.0
64.9
70.0
61.3
60.0
56.0
73.7
48.6
61.8
74.3
51.6
59.3
50.0
63.3
46.2
80.6
47.7
41.4
51.7
53.8
56.8
57.6
45.5
65.6
51.4
52.6
64.3
53.3
46.7
50.0
54.5
33.3
51.8
35.3
61.3
45.2
48.9
44.0
57.8
50.0
47.2
21.9
65.6
31.8
69.0
73.2
52.2
55.2
65.9
54.8
51.5
61.2
69.6
52.4
50.8
60.0
40.9
57.4
42.9
34.5
56.0
48.4
60.6
63.0
63.2
53.5
51.9
82.8
64.9
53.1
62.9
51.7
61.9
58.9
44.7
61.3
57.1
44.1
50.0
45.0
50.0
56.6
63.0
54.3
57.5
54.2
58.8
65.2
67.5
67.4
61.5
61.3
59.6
58.3
51.4
73.7
60.7
53.1
68.3
57.1
51.4
60.0
50.0
50.0
47.4
51.1
51.3
66.0
54.3
45.7
53.8
42.9
51.8
57.1
57.1
60.5
45.2
44.8
52.4
47.4
54.5
48.2
40.9
59.2
47.9
43.3
42.9
50.0
62.0
46.0
68.2
50.0
74.3
55.8
47.5
64.0
58.3
48.4
59.5
66.7
41.2
41.9
58.5
48.7
55.2
37.8
48.5
48.1
46.4
36.6
55.9
46.7
43.8
31.9
42.5
30.6
47.8
28.9
60.0
60.5
54.8
55.3
42.9
40.0
46.8
43.2
40.7
62.1
45.9
55.6
61.4
56.7
50.0
59.5
53.3
58.6
54.1
50.0
69.6
45.1
50.0
50.0
61.5
60.9
51.4
67.3
60.9
61.2
58.3
54.3
53.3
47.1
52.7
64.5
45.5
59.5
70.4
52.5
50.0
59.5
56.4
63.9
60.0
65.5
64.0
50.0
46.2
54.3
58.8
46.9
43.3
48.5
50.0
44.0
37.7
42.1
63.6
44.4
64.9
48.4
36.7
59.0
61.8
46.9
44.0
53.3
81.0
37.3
53.7
54.8
75.0
70.6
66.7
61.1
62.5
58.3
54.5
51.3
47.1
30.0
55.1
41.7
40.6
59.1
46.7
43.5
69.7
66.1
64.7
66.7
87.1
50.0
72.4
61.4
75.0
66.7
75.0
79.2
73.1
100.0
59.6
63.4
66.7
43.5
62.8
47.5
68.8
38.1
54.8
51.2
51.8
44.8
47.2
51.1
48.7
51.5
61.4
45.5
62.5
65.4
77.1
68.6
50.0
63.9
50.9
56.0
59.6
57.6
66.7
63.6
40.0
35.3
60.0
66.7
50.0
38.9
34.2
63.6
53.7
63.0
41.4
59.2
52.2
52.9
51.7
43.5
56.8
48.5
55.0
36.6
69.0
59.5
81.3
51.1
52.3
52.9
58.1
42.2
64.8
64.3
73.5
52.5
69.7
71.4
62.5
36.7
36.0
51.9
47.2
48.8
73.5
55.2
48.9
48.8
50.0
81.3
37.8
48.5
47.1
52.2
41.9
60.0
57.4
62.1
66.7
38.2
57.6
43.5
52.8
61.0
67.2
73.2
55.9
63.9
75.0
57.1
53.1
54.1
56.1
60.9
49.1
51.2
62.5
57.6
60.0
61.1
56.9
65.7
40.0
36.8
43.9
37.9
40.8
35.5
38.1
57.1
45.8
62.2
45.2
54.7
28.1
30.0
51.6
50.0
53.6
51.9
41.7
62.5
68.8
43.8
50.0
89.5
59.6
53.3
65.1
74.5
65.7
47.1
45.7
73.0
58.3
64.1
55.9
72.4
49.0
59.4
51.6
55.9
45.9
60.5
58.8
55.4
63.2
56.7
66.0
87.1
66.7
60.9
63.2
54.0
63.2
64.7
51.6
61.5
53.7
50.0
62.1
65.6
65.4
77.8
53.1
33.3
40.9
54.7
48.1
74.2
48.6
45.8
66.7
58.6
65.5
65.4
57.1
55.6
65.5
57.6
48.6
60.6
57.6
36.4
61.5
53.6
37.8
48.5
48.5
44.0
56.7
66.0
67.9
54.5
66.7
54.1
55.6
50.0
64.3
45.2
43.5
32.0
61.3
42.5
43.8
45.0
54.4
37.5
50.0
55.0
43.8
57.5
57.6
52.6
56.3
51.9
53.5
61.0
43.9
63.0
48.0
44.7
61.4
48.6
51.3
57.4
60.5
37.3
52.9
62.2
57.7
50.0
55.6
48.8
70.7
52.3
48.5
59.3
50.0
66.7
59.4
50.0
45.2
48.0
46.2
50.0
45.2
53.8
60.0
47.5
39.5
55.2
60.5
66.7
53.1
54.2
72.4
82.4
56.8
56.8
53.3
50.8
57.6
56.8
52.4
58.3
39.3
50.0
48.8
50.0
37.5
38.1
51.4
33.3
61.0
46.7
62.5
64.7
56.8
61.8
53.7
49.1
54.3
41.5
68.0
81.3
67.8
65.3
63.6
67.4
52.9
58.6
54.7
70.0
53.6
61.8
48.0
60.5
47.8
56.1
44.4
45.8
44.4
37.0
45.7
40.6
50.0
28.3
56.9
57.1
58.8
58.5
50.0
58.8
62.5
43.3
44.7
50.0
47.5
47.3
39.0
68.0
48.4
41.9
56.1
63.6
61.0
50.0
70.8
48.0
71.0
62.2
64.1
45.9
50.0
53.1
54.5
55.0
53.6
43.2
50.0
62.5
52.6
46.7
58.3
40.0
80.0
62.2
51.4
42.4
75.0
62.5
52.8
86.7
50.0
45.5
54.7
60.7
71.4
39.3
76.9
62.9
51.1
52.9
43.1
37.5
65.6
42.6
47.2
52.0
67.6
57.7
48.4
47.1
77.4
64.6
65.5
51.6
63.3
40.5
61.7
50.8
54.1
58.3
75.0
75.0
57.9
56.1
58.5
61.1
51.1
46.3
50.0
60.5
65.4
55.0
55.6
59.3
39.4
59.1
45.2
48.5
46.2
54.8
44.1
50.0
50.8
45.9
48.0
45.5
45.1
23.1
56.3
54.7
34.5
53.3
81.0
52.4
41.2
40.5
55.3
51.9
47.9
43.6
53.3
72.0
55.6
37.8
53.8
60.0
55.6
60.0
50.0
50.0
44.2
58.1
50.0
48.1
47.1
49.1
40.5
48.5
61.8
52.9
73.5
60.3
50.8
55.6
62.9
70.0
72.4
58.1
66.1
50.0
51.4
58.3
63.6
69.0
62.8
55.3
41.2
54.5
59.2
60.7
47.6
73.5
44.4
47.1
70.0
79.4
50.0
46.8
53.6
51.9
67.6
56.8
88.6
43.8
63.8
63.3
85.7
60.0
50.0
61.0
52.6
65.7
49.2
34.1
54.2
71.4
40.5
48.4
69.1
79.4
55.2
41.2
81.0
55.9
38.2
57.6
60.0
58.8
49.1
75.6
56.4
45.2
68.8
40.0
57.1
50.0
55.0
47.7
60.0
64.3
58.3
44.4
51.3
55.9
48.2
52.6
90.5
41.7
60.0
53.1
60.7
58.2
72.3
50.0
75.8
71.0
63.6
63.6
58.1
57.6
31.6
47.2
53.7
64.4
58.3
42.1
51.6
65.1
69.7
61.5
52.9
65.8
70.4
52.6
48.1
66.7
58.8
62.1
44.7
64.9
53.8
43.9
55.7
64.7
25.8
87.0
34.6
59.5
56.8
60.0
57.4
68.0
45.2
56.1
56.1
24.0
47.8
51.2
58.3
64.7
55.9
66.0
51.2
65.5
37.5
47.9
50.0
45.7
41.5
45.2
61.5
48.3
38.2
50.0
63.6
51.4
33.3
40.0
51.6
48.3
66.7
46.3
39.5
41.4
39.5
36.6
45.9
34.9
56.1
48.9
62.0
57.9
41.7
34.8
58.3
28.6
42.1
41.2
48.4
54.2
58.8
62.0
60.7
53.1
69.0
42.9
69.0
64.1
44.4
58.3
69.0
54.5
50.0
52.6
54.8
57.6
63.9
52.7
61.5
60.0
55.1
47.6
54.2
66.7
50.0
66.7
48.3
52.8
55.6
57.6
36.0
46.2
55.6
61.1
92.3
64.5
51.4
56.3
55.7
73.7
75.0
52.0
64.1
60.0
34.6
67.6
93.5
56.5
56.9
45.2
64.7
56.0
43.3
63.4
43.6
68.8
40.0
45.5
47.7
55.9
52.4
43.4
54.5
54.5
57.4
46.9
72.7
61.5
56.4
50.0
41.2
46.0
58.3
29.0
68.8
52.2
48.4
53.8
51.7
63.6
49.2
40.5
53.8
58.8
50.0
54.3
63.9
45.0
54.8
44.1
53.1
55.1
87.0
52.6
51.4
52.6
43.2
61.5
69.0
48.1
54.1
54.5
60.0
50.7
64.9
36.1
71.1
51.5
48.6
50.0
68.6
56.4
58.8
52.5
47.4
55.9
59.0
48.4
50.9
51.6
43.3
60.0
52.2
42.5
64.3
52.4
47.1
40.0
54.5
34.5
51.4
53.6
40.0
69.2
72.2
52.0
59.0
81.8
54.5
52.3
46.3
53.3
63.6
52.0
50.0
51.9
45.2
58.6
44.0
43.8
55.6
68.0
67.9
61.3
54.3
61.5
61.5
65.8
52.4
61.4
52.9
35.0
34.4
50.0
54.2
48.7
70.4
80.0
61.0
59.6
53.7
56.8
66.7
74.2
80.4
50.0
59.5
58.3
54.5
61.9
52.0
55.2
51.7
31.8
58.7
50.0
41.7
54.1
46.2
52.9
40.9
52.2
48.6
73.9
61.0
66.7
60.4
36.4
54.7
47.6
54.8
44.7
63.6
68.2
66.7
39.5
52.9
89.5
44.4
39.2
47.5
42.9
57.4
48.6
50.9
55.6
53.1
60.4
51.9
32.3
60.0
42.9
47.5
16.7
62.9
64.3
55.3
46.9
60.0
58.5
57.4
69.0
46.2
66.7
58.3
64.7
65.4
75.0
50.8
48.6
47.8
40.9
70.4
75.9
43.6
51.5
63.3
80.8
66.7
60.5
50.0
44.4
51.0
57.9
45.8
41.2
52.0
48.6
60.0
50.0
66.7
56.4
48.8
55.3
53.3
73.0
50.0
54.2
66.7
40.4
76.9
53.6
54.8
60.0
59.5
43.9
40.7
60.0
42.9
61.8
57.6
52.9
47.2
47.5
43.2
45.2
45.0
57.1
54.3
75.9
61.8
60.9
50.0
70.8
48.3
56.7
59.6
59.3
45.2
59.3
33.3
36.7
62.1
66.7
69.6
37.8
60.6
69.0
56.7
85.2
54.5
55.0
31.6
56.4
46.4
47.8
37.3
51.3
50.0
55.0
62.2
74.1
64.7
57.8
60.4
60.6
57.4
51.4
56.3
58.3
56.0
51.1
52.8
48.5
52.9
44.1
40.7
61.4
50.0
44.4
67.6
56.8
60.4
60.9
57.9
62.1
65.6
68.6
79.2
55.6
54.2
59.3
64.3
40.7
56.0
59.5
61.4
40.6
58.8
58.5
58.8
47.4
39.0
41.9
48.9
55.6
68.4
36.4
58.2
38.7
55.0
71.1
55.6
34.0
50.7
114.3
36.4
47.1
41.9
80.6
34.4
42.9
55.8
56.7
51.5
36.4
51.6
76.2
50.0
55.0
66.7
57.1
52.0
56.7
58.5
70.3
51.1
50.0
70.0
66.7
55.3
54.3
51.4
51.9
61.1
68.0
58.8
63.9
78.9
55.1
66.7
67.6
73.0
60.4
40.6
45.5
47.7
52.5
61.1
35.7
60.0
48.8
58.1
62.3
61.8
65.4
50.0
46.7
40.0
56.1
39.6
50.0
90.6
72.2
83.3
75.5
52.6
51.4
69.5
70.0
53.5
52.8
42.9
54.2
57.5
54.8
60.4
61.9
43.8
48.4
44.7
58.8
46.7
57.6
58.8
65.9
79.3
60.9
71.4
54.5
55.1
47.2
59.3
66.7
26.1
63.3
62.5
52.4
51.2
48.9
51.3
55.6
57.6
59.3
42.9
55.9
38.1
58.1
29.4
52.6
62.3
68.8
54.5
60.5
54.0
65.4
57.1
48.5
66.7
38.7
57.1
37.5
44.1
66.7
55.0
58.3
61.4
48.6
58.1
64.5
67.4
66.7
72.0
70.0
43.6
58.7
48.6
49.0
65.8
52.0
74.2
89.5
43.6
51.9
67.6
53.3
55.1
67.7
57.1
56.1
57.4
41.4
51.4
60.0
53.1
41.4
50.0
55.6
59.3
38.7
55.0
42.9
77.5
43.4
59.4
53.3
57.6
47.7
53.6
65.5
55.6
48.4
46.2
51.1
66.1
56.0
45.9
57.9
50.0
57.6
62.3
55.9
55.9
51.4
63.6
65.2
51.7
48.0
51.9
86.7
57.1
50.0
60.0
67.7
52.4
61.1
51.4
60.3
64.7
55.6
72.7
52.9
58.3
68.4
58.3
66.7
58.7
32.3
45.0
64.9
50.0
49.0
46.4
52.2
87.5
53.8
48.3
50.0
51.2
50.0
47.4
45.0
62.9
41.1
37.5
56.5
65.2
57.5
53.8
76.3
67.9
73.2
83.3
69.2
47.9
44.1
55.2
66.7
62.1
55.6
54.5
52.9
68.0
52.8
42.9
55.2
53.7
58.1
55.9
60.7
53.1
43.3
54.1
56.9
63.0
56.4
36.0
26.9
44.8
45.9
52.9
56.6
65.0
55.8
65.0
55.0
51.1
46.3
52.0
52.8
71.7
67.6
50.0
68.1
62.5
38.2
53.2
50.0
57.6
66.7
57.5
52.8
38.1
62.8
51.3
40.0
46.8
62.2
51.4
53.2
67.5
36.4
56.1
54.2
65.5
76.2
48.1
58.8
77.8
68.8
67.6
84.6
59.6
48.5
54.8
65.5
63.9
50.0
51.4
63.2
48.3
66.7
45.9
58.6
60.9
45.5
45.5
53.3
66.7
49.0
63.6
52.1
65.0
34.1
50.8
69.6
71.4
68.6
64.5
78.6
64.5
64.5
39.4
62.9
71.8
44.8
52.5
69.2
44.1
46.4
43.2
60.6
61.1
52.1
50.0
57.8
64.1
39.0
61.8
41.9
42.6
38.9
43.8
59.4
52.1
64.0
48.1
58.6
37.1
38.5
48.5
54.1
51.9
47.4
78.0
111.8
84.8
67.3
64.3
76.2
82.9
79.3
58.6
51.7
71.4
48.6
60.0
36.0
66.7
55.3
47.6
31.8
58.8
69.7
47.5
53.7
34.4
50.0
47.1
52.9
52.4
46.7
56.5
56.0
53.6
28.6
52.5
58.3
48.4
79.3
61.4
68.3
53.7
71.0
59.7
65.0
46.9
61.9
60.0
65.8
50.0
62.5
53.8
66.7
51.4
53.8
77.4
63.3
69.8
56.4
42.9
40.6
45.0
52.3
60.0
54.5
54.5
46.8
59.4
35.5
60.5
44.8
59.5
77.8
55.3
56.0
54.3
62.8
52.9
47.4
52.0
39.5
50.0
27.0
46.0
59.1
52.3
55.9
65.2
42.9
50.0
52.5
47.2
44.3
60.0
53.8
72.4
67.9
58.3
44.2
47.1
45.0
56.3
47.9
55.6
37.0
48.6
50.0
46.3
78.8
55.0
76.9
61.0
76.9
54.5
55.2
86.2
63.9
60.0
61.2
58.6
45.7
53.7
58.1
61.8
51.5
44.1
42.0
50.0
56.7
39.3
44.4
50.0
51.6
54.5
61.1
80.0
52.0
64.7
66.7
46.7
52.6
50.0
42.3
48.8
57.1
49.0
42.9
55.0
72.2
60.6
57.7
64.1
61.0
52.0
52.9
54.3
61.3
53.1
58.3
54.8
67.7
69.6
53.8
58.9
66.7
66.7
57.8
45.7
59.6
59.5
62.5
60.0
76.9
68.8
56.9
38.1
50.0
63.8
54.8
61.9
69.8
46.8
78.3
51.9
67.4
65.2
62.9
51.7
73.1
61.3
63.6
35.5
67.3
68.4
41.7
68.8
49.2
41.7
47.2
60.0
50.0
47.4
56.1
50.8
40.6
48.5
64.9
51.7
68.0
66.7
58.5
53.8
31.3
42.2
68.1
53.6
45.2
69.0
51.5
46.6
66.7
51.8
44.9
45.5
57.1
57.5
34.1
47.1
62.3
49.2
54.0
127.3
36.0
66.7
38.6
62.9
50.0
56.3
59.6
40.0
34.5
52.1
43.8
31.0
42.1
57.6
60.7
57.1
35.3
47.6
57.8
65.2
93.8
51.2
83.3
55.0
56.9
52.9
38.7
53.6
46.2
54.1
42.9
61.8
46.4
37.9
74.3
47.5
53.8
54.4
58.3
60.0
44.0
48.1
29.7
66.7
47.4
39.6
40.0
48.6
50.0
59.5
42.9
66.7
55.9
58.7
61.3
61.3
60.0
51.2
52.0
42.9
61.5
72.4
57.5
61.3
38.5
60.9
44.1
49.2
57.7
31.1
42.9
81.8
58.0
56.4
40.5
57.1
77.8
54.1
66.0
80.8
86.3
51.4
48.6
42.2
53.3
71.9
65.3
80.0
76.0
55.3
48.7
53.6
50.0
67.3
69.2
57.1
57.1
64.6
41.4
42.0
57.5
61.0
38.2
45.2
51.7
51.9
47.5
40.0
57.9
52.5
62.9
73.9
60.0
40.8
59.5
58.3
86.7
68.2
69.7
56.9
62.2
57.4
64.1
62.5
63.0
56.5
48.6
100.0
54.2
61.5
67.5
54.5
70.9
59.3
52.5
47.1
79.3
53.1
51.6
52.2
30.0
60.7
56.7
54.5
52.3
51.2
45.7
41.5
49.2
48.5
25.0
46.2
36.4
43.9
42.4
54.5
65.7
76.9
61.9
63.6
56.7
66.0
38.7
69.0
58.9
53.6
73.8
52.2
72.7
51.7
52.9
56.1
52.9
51.9
59.3
50.0
51.5
43.2
56.8
57.4
54.5
52.5
45.0
67.9
57.1
50.0
46.7
62.1
63.3
64.4
54.3
73.3
48.3
54.8
54.5
64.1
45.5
59.3
55.6
67.9
40.5
54.2
44.1
50.0
46.9
33.3
56.5
53.8
53.1
54.9
50.0
73.8
81.0
65.2
68.1
40.6
50.0
78.4
38.5
56.8
54.7
57.1
41.1
58.6
56.7
60.0
52.0
47.6
51.9
50.9
40.0
65.5
53.1
67.4
50.0
74.1
64.3
67.6
57.1
88.9
42.9
62.5
58.1
45.8
55.0
40.6
60.0
57.1
51.4
45.1
33.3
67.3
60.0
50.0
67.3
73.7
55.2
59.6
28.6
60.4
65.9
56.8
53.3
52.5
69.2
50.0
54.8
47.1
82.1
61.8
48.5
57.4
57.9
56.0
51.2
44.1
63.2
48.6
56.8
65.4
48.3
44.4
45.5
68.0
68.4
58.6
57.1
49.1
51.2
54.3
45.2
38.8
44.4
38.2
66.7
56.3
36.1
43.4
40.9
47.5
60.5
74.1
52.6
51.7
60.0
55.6
39.1
54.8
50.0
61.9
81.8
60.0
52.4
54.5
58.8
50.8
43.3
70.6
56.9
61.3
51.4
48.8
53.3
50.0
53.1
52.0
63.3
52.6
74.4
47.1
51.0
54.1
48.5
55.0
51.7
51.5
56.5
36.0
44.7
61.5
50.0
57.1
61.1
50.0
59.1
63.0
57.8
37.5
84.2
46.0
60.0
54.8
26.7
47.7
29.2
79.3
57.6
68.6
38.5
68.8
60.4
51.9
57.9
58.7
41.7
62.5
42.1
51.5
56.8
58.3
50.0
53.4
68.4
61.4
66.7
54.5
27.8
55.0
50.0
