52.9
80.0
68.0
57.1
55.0
69.7
68.3
59.4
41.3
83.3
72.7
75.9
65.5
47.1
61.1
70.0
51.0
38.9
53.1
62.5
63.4
55.0
61.1
70.4
58.3
66.7
66.7
50.0
73.3
55.3
58.7
58.8
66.7
46.9
76.5
67.9
62.2
50.0
49.3
52.5
69.2
41.9
63.0
59.6
46.2
56.3
57.6
52.2
57.4
68.3
50.0
60.6
60.5
68.8
58.2
55.6
63.6
50.0
66.7
60.0
61.3
55.2
52.0
55.6
61.0
69.8
80.0
80.9
59.5
50.0
69.7
77.4
61.5
80.4
62.5
74.1
60.0
69.4
90.2
68.8
57.9
54.5
50.0
66.7
65.1
47.7
53.3
61.8
56.3
68.8
55.9
51.7
36.6
58.7
55.0
70.0
58.3
62.2
67.9
53.3
53.2
38.2
54.7
55.2
56.8
48.6
58.1
48.3
60.7
34.8
56.4
57.9
66.0
57.1
62.1
50.0
62.9
58.3
61.4
44.4
42.9
57.4
68.2
63.3
45.9
66.7
38.1
38.9
69.4
67.4
64.9
59.7
58.1
52.4
66.1
97.7
77.8
69.6
76.9
82.9
121.4
90.3
58.3
42.9
54.5
69.2
69.4
67.4
82.5
52.8
42.4
51.6
48.5
56.5
79.1
71.4
44.7
55.8
61.5
66.7
65.8
51.4
62.1
59.6
60.5
47.4
70.0
68.4
74.1
57.1
70.0
70.8
57.1
61.8
60.0
47.1
53.2
48.8
61.3
61.5
51.4
41.9
57.1
62.7
66.1
119.0
81.5
90.7
54.3
70.6
56.7
72.1
58.3
64.0
64.9
64.9
66.7
66.7
50.0
63.6
59.3
55.9
57.1
55.9
54.2
47.2
72.3
121.1
56.1
60.0
57.1
62.5
60.8
51.2
52.5
59.6
61.4
51.4
63.3
68.2
53.8
52.4
65.3
62.5
70.2
61.8
52.4
85.7
59.0
44.0
69.5
65.0
65.6
59.5
72.0
44.0
51.9
52.8
59.0
65.6
70.0
64.3
69.0
63.4
63.4
62.1
58.2
50.0
60.0
57.1
51.6
64.5
53.3
37.0
58.3
66.0
51.7
66.7
70.6
60.6
68.8
47.5
56.4
75.9
61.0
55.3
63.6
62.9
74.5
40.5
56.3
58.6
57.9
61.5
61.9
71.0
68.0
54.1
58.3
38.5
66.7
64.5
66.7
71.4
60.8
58.5
57.9
62.8
57.6
61.5
65.8
64.6
68.6
71.0
56.8
70.0
73.3
58.5
62.1
74.5
79.2
67.7
50.8
64.1
59.5
61.3
59.6
48.5
44.4
48.6
52.4
47.1
58.5
53.8
69.2
68.8
54.1
60.6
51.5
61.3
65.6
59.5
70.0
71.0
62.2
48.0
70.2
48.6
61.8
71.4
58.1
63.0
53.1
60.0
69.2
77.8
44.6
51.7
62.1
66.7
54.5
60.6
50.0
68.8
51.4
60.5
50.0
62.2
60.0
41.7
60.6
36.1
53.6
41.2
67.7
51.6
61.7
44.0
54.7
50.0
61.1
34.4
62.5
45.5
65.5
70.7
69.6
72.4
56.1
64.5
66.7
69.4
56.5
61.9
52.4
88.0
54.5
63.0
61.9
62.1
60.0
48.4
65.2
73.9
68.4
58.1
48.1
93.1
75.7
59.4
61.3
60.0
57.1
55.4
42.1
51.6
54.3
52.9
55.0
45.0
50.0
62.3
66.7
60.0
60.0
52.1
58.8
69.6
77.5
56.5
74.4
67.7
72.3
50.0
48.6
78.9
53.6
53.1
61.0
50.0
65.7
51.4
45.2
55.6
42.1
48.9
64.1
62.0
71.7
57.1
61.5
50.0
58.9
64.3
64.3
58.1
61.9
55.2
47.6
52.6
54.5
51.8
54.5
61.2
68.8
60.0
57.1
55.6
56.0
50.0
86.4
82.1
48.6
60.5
57.4
64.0
51.7
61.3
67.6
76.2
67.6
41.9
62.3
48.7
50.0
59.5
72.7
59.3
67.9
41.5
58.8
63.3
50.0
46.8
50.0
55.1
45.7
34.2
64.0
50.0
54.8
71.1
53.6
51.1
59.6
37.8
44.4
65.5
59.0
64.4
72.7
66.7
55.6
57.1
46.7
69.0
48.6
55.9
60.9
43.1
72.2
70.0
50.0
52.2
51.4
57.7
65.2
65.3
58.3
45.7
53.3
41.2
54.5
64.5
61.4
64.9
77.8
50.0
47.2
59.5
63.6
69.4
56.0
58.6
66.0
52.6
50.8
63.0
58.8
46.9
50.0
42.4
52.3
52.0
42.6
36.8
72.7
55.6
67.6
61.3
56.7
66.7
73.5
50.0
62.0
63.3
76.2
51.0
48.8
50.0
64.3
73.5
60.6
63.9
50.0
63.9
60.0
51.3
55.9
46.7
59.2
52.8
56.3
59.1
50.0
43.5
81.8
66.1
70.6
56.7
103.2
50.0
72.4
65.9
86.7
55.6
80.8
85.4
65.4
62.5
76.6
70.7
61.5
56.5
65.1
57.5
65.6
50.0
54.8
55.8
62.5
55.2
52.8
66.0
61.5
51.5
63.6
54.5
65.0
53.8
82.9
80.0
76.5
75.0
60.0
68.0
67.3
60.6
68.5
68.2
48.0
55.9
53.3
63.3
67.9
55.6
60.5
56.8
51.2
77.8
37.9
57.1
65.2
52.9
58.3
56.5
68.2
60.6
57.5
43.9
69.0
54.1
81.3
59.6
56.8
50.0
55.8
46.7
70.4
60.7
76.5
60.0
75.8
71.4
62.5
46.7
32.0
55.6
47.2
68.3
79.4
53.4
55.6
51.2
50.0
68.8
27.0
51.5
73.5
56.7
58.1
64.4
74.1
60.6
55.6
50.0
66.7
52.2
55.6
61.0
67.2
67.9
64.7
50.0
75.0
66.7
49.0
75.7
59.6
52.2
45.5
67.4
65.6
51.5
54.3
61.1
62.1
71.4
48.6
42.1
56.1
44.8
51.0
41.9
52.4
53.6
54.2
62.2
57.1
67.9
46.9
33.3
48.4
55.2
46.4
53.8
41.7
62.5
56.3
40.6
62.5
68.4
73.1
56.7
62.8
67.3
60.0
64.7
54.3
64.9
72.2
69.2
52.9
86.2
59.2
62.5
71.0
58.8
57.4
58.1
52.9
55.4
73.7
53.3
71.7
77.4
72.2
65.2
63.2
55.6
55.3
67.6
59.4
56.4
61.1
79.2
69.0
65.6
69.2
83.3
59.4
41.7
51.5
56.6
55.6
67.7
64.9
64.6
66.7
75.9
62.1
65.4
57.1
58.3
55.2
66.7
43.2
54.5
59.3
50.0
69.2
53.6
37.8
48.5
63.6
56.0
73.3
72.0
53.6
57.6
50.0
62.2
52.8
44.7
53.6
61.3
56.5
52.0
64.5
47.5
53.1
55.0
50.9
46.9
62.5
60.0
53.1
57.5
63.6
54.4
56.3
59.3
67.4
61.0
65.9
55.6
52.0
50.0
61.4
64.9
66.7
59.6
73.7
47.1
58.8
43.2
53.8
55.0
58.3
53.7
68.3
63.6
66.7
64.8
65.2
74.1
68.8
42.9
57.1
48.0
59.0
57.1
61.3
48.1
60.0
47.5
50.0
55.2
60.5
77.8
46.9
47.9
55.2
79.4
56.8
63.6
53.3
55.4
64.4
52.3
57.1
62.5
46.4
55.9
55.8
71.4
54.2
47.6
62.2
51.1
61.0
44.4
50.0
70.6
59.5
58.8
53.7
60.0
57.1
49.1
68.0
81.3
62.7
67.3
68.2
86.0
58.8
48.3
50.0
85.0
59.4
73.5
62.0
60.5
41.3
56.1
58.3
54.2
55.6
52.2
54.3
56.3
47.7
39.1
70.6
57.1
58.8
60.4
52.4
60.8
66.7
50.0
48.9
41.7
50.0
56.4
61.0
80.0
51.6
45.2
59.6
60.6
64.4
63.3
79.2
52.0
64.5
59.5
66.7
51.4
55.6
65.6
61.4
65.0
71.4
61.4
59.4
52.5
57.9
50.0
62.5
64.0
70.0
59.5
62.2
54.5
72.5
65.0
55.6
90.0
57.7
51.5
59.4
60.7
69.0
46.4
73.1
65.7
44.4
73.5
51.7
54.2
75.0
57.4
69.4
62.0
73.0
61.5
56.3
52.9
61.3
64.6
69.0
77.4
73.3
56.8
66.7
52.5
62.2
63.9
65.0
66.7
57.9
61.0
71.7
61.1
62.2
48.8
70.6
76.3
65.4
70.0
57.8
74.1
57.6
68.2
58.1
60.6
61.5
51.6
52.9
64.3
50.8
59.5
60.0
59.1
45.1
66.7
59.4
53.1
41.4
66.7
85.7
47.6
56.9
40.5
57.9
48.1
56.3
38.5
46.7
76.0
55.6
44.4
53.8
60.0
60.3
53.3
52.4
58.8
53.5
58.1
53.3
44.4
50.0
63.6
43.2
54.5
61.8
50.0
61.8
62.1
50.8
63.0
71.4
65.0
69.0
58.1
57.1
50.0
54.3
47.2
60.6
72.4
62.8
63.2
52.9
63.6
63.3
57.1
54.8
69.4
63.9
52.9
73.3
91.2
50.0
57.4
67.9
61.1
73.0
45.9
97.1
62.5
69.0
70.0
71.4
64.0
60.6
58.5
50.0
68.6
55.6
53.7
58.3
78.6
56.8
51.6
69.1
67.6
58.6
55.9
69.0
52.9
50.0
51.5
65.0
47.1
52.7
77.8
69.2
51.6
72.9
53.3
71.4
51.6
47.5
45.5
64.0
71.4
61.1
44.4
64.1
50.8
60.7
52.6
95.2
62.5
56.0
53.1
57.1
65.5
66.2
48.2
69.7
54.8
54.5
69.7
77.4
57.6
47.4
60.4
61.0
73.3
75.0
50.0
53.1
68.3
60.6
64.1
58.8
68.4
63.0
57.9
59.6
57.1
55.9
69.0
59.6
64.9
73.1
53.7
50.8
58.8
48.4
91.3
57.7
66.7
50.0
51.4
76.6
68.0
46.8
53.7
53.7
40.0
63.0
46.5
63.9
55.9
67.6
72.0
53.5
75.9
37.5
58.3
63.3
45.7
48.8
45.2
59.0
55.2
52.9
47.2
76.4
59.5
40.3
48.6
64.5
62.1
66.7
53.7
57.9
48.3
57.9
61.0
54.1
44.2
61.0
48.9
54.0
61.4
48.3
65.2
79.2
52.4
47.4
52.9
48.4
55.9
67.6
68.0
50.0
68.8
62.1
54.3
57.1
61.5
50.0
77.1
69.0
54.5
46.7
52.6
57.1
57.6
61.1
52.7
57.7
57.1
55.1
47.6
62.5
60.0
68.8
56.7
75.9
52.8
60.0
54.5
46.0
57.7
63.0
58.3
80.8
61.3
62.9
59.4
59.0
73.7
65.0
48.0
84.6
62.5
61.5
64.7
83.9
69.6
69.0
48.4
73.5
52.0
66.7
65.9
54.5
62.5
35.0
57.6
38.6
59.3
50.0
50.9
60.0
63.6
63.0
51.0
72.7
65.4
66.7
54.8
44.1
52.4
58.3
38.7
75.0
47.8
64.5
74.4
51.7
63.6
59.0
48.6
73.1
70.6
60.0
68.6
66.7
80.0
67.7
59.3
75.0
53.1
87.0
55.3
60.8
84.2
54.1
56.4
79.3
59.3
59.5
52.3
64.0
59.7
70.3
52.8
66.7
57.6
51.4
44.4
57.1
65.5
61.8
57.5
52.6
49.2
61.5
64.5
47.3
64.5
56.7
62.9
69.6
50.0
71.4
57.1
66.7
56.0
47.0
58.6
59.5
67.9
46.7
66.7
66.7
40.0
59.0
63.6
63.6
56.9
56.1
60.0
75.8
58.0
58.3
57.4
61.9
55.2
54.0
37.5
51.9
80.0
67.9
67.7
67.4
61.5
69.2
71.1
64.3
75.0
47.1
60.0
59.4
66.7
58.3
66.7
70.4
93.3
67.8
63.5
61.1
63.6
80.6
77.4
71.4
58.3
62.2
75.0
66.7
69.0
74.0
65.5
63.3
40.9
63.5
50.0
55.6
62.2
69.2
52.9
53.0
60.9
51.4
78.3
65.9
72.7
66.0
54.5
54.7
38.1
54.8
48.9
72.7
65.9
59.0
39.5
58.8
100.0
52.8
54.9
65.0
57.1
63.8
51.4
54.7
55.6
56.3
75.0
66.7
54.8
66.7
51.4
59.3
66.7
66.1
60.7
55.3
53.1
55.0
53.7
57.4
75.9
42.3
81.0
65.0
76.5
57.7
71.4
59.3
51.4
60.9
52.3
59.3
82.8
46.2
36.4
63.3
76.9
69.7
63.2
57.1
57.8
63.3
47.4
55.9
47.1
52.0
45.9
54.3
62.5
66.7
66.7
51.2
52.6
53.3
64.9
61.1
68.8
59.0
46.2
76.9
53.6
48.4
64.0
59.5
53.7
55.6
60.0
37.1
58.8
63.6
72.5
54.7
57.5
56.8
51.6
50.0
52.4
51.4
55.2
67.6
62.5
52.4
66.7
53.4
63.3
61.5
59.3
57.1
66.7
47.2
33.3
82.8
81.5
65.2
48.6
69.7
62.1
71.7
70.4
54.5
61.7
50.0
69.2
50.0
54.3
62.7
48.7
61.8
45.0
75.7
88.9
82.4
64.4
77.1
66.7
66.0
60.0
62.5
66.7
60.0
63.8
55.6
48.5
52.9
42.4
48.1
56.8
46.7
57.4
70.3
43.2
73.6
69.6
50.0
58.6
71.9
68.6
70.8
75.0
57.6
55.6
78.6
63.0
56.0
75.7
70.5
62.5
76.5
56.6
67.6
47.4
36.6
54.8
55.6
55.6
57.9
45.5
58.2
38.7
47.5
60.5
55.6
47.2
58.2
85.7
45.5
60.8
41.9
83.9
43.8
51.0
55.8
58.3
69.7
48.5
64.5
71.4
57.1
55.0
70.4
66.7
68.0
50.0
56.1
70.3
53.3
56.0
75.0
73.7
63.2
67.4
71.4
53.8
66.7
72.0
54.9
52.8
76.3
55.1
69.7
61.8
64.9
60.4
40.6
54.5
56.8
57.5
66.7
33.3
67.5
58.1
51.6
67.9
69.1
61.5
52.5
60.0
53.3
51.2
47.9
56.3
90.6
66.7
70.8
71.4
55.3
48.6
74.6
75.0
67.4
58.3
52.4
83.3
72.5
59.5
56.6
71.4
59.4
58.1
53.2
55.9
42.2
42.4
67.6
58.5
72.4
71.7
71.4
59.1
57.1
52.8
63.0
74.5
39.1
73.3
59.4
50.8
58.5
55.6
59.0
41.7
61.0
55.6
52.4
52.9
61.9
60.5
35.3
56.1
62.3
78.1
60.6
76.3
52.0
73.1
48.6
48.5
60.0
45.2
51.4
45.8
50.0
69.2
45.0
62.5
61.4
51.4
74.2
54.8
62.8
82.1
76.0
66.7
48.7
56.5
67.6
68.6
57.9
40.0
66.1
84.2
61.5
66.7
70.3
55.6
65.3
74.2
60.0
48.8
65.6
58.6
62.9
55.0
56.3
41.4
48.5
55.6
63.0
35.5
55.0
50.0
77.5
49.1
65.6
56.7
60.6
50.0
57.1
61.8
51.9
51.6
53.8
51.1
61.0
44.0
48.6
60.5
75.0
60.6
63.9
61.8
55.9
54.1
69.7
43.5
62.1
56.0
61.5
86.7
55.6
57.9
92.0
74.2
52.4
58.3
57.1
61.9
61.8
57.8
66.7
64.7
69.4
65.8
47.2
73.3
67.4
25.8
50.0
67.6
47.8
52.9
48.2
56.5
75.0
61.5
41.4
55.6
55.8
37.5
49.1
55.0
62.9
57.1
46.9
56.5
47.8
57.5
59.0
81.6
67.9
73.2
90.0
76.9
56.3
61.8
56.9
100.0
63.8
55.6
63.6
60.8
76.0
63.9
50.0
55.2
58.5
53.5
58.8
60.7
61.2
50.0
56.8
55.4
75.9
56.4
64.0
42.3
55.2
56.8
64.7
69.8
65.0
76.7
65.0
35.0
61.7
56.1
52.0
55.6
69.6
62.2
55.3
63.8
62.5
41.8
56.5
44.4
63.6
55.6
50.0
61.1
52.4
58.1
43.6
53.3
62.9
62.2
57.1
61.7
77.5
43.6
64.9
57.6
60.0
76.2
55.6
73.5
77.8
68.8
64.7
84.6
61.4
60.6
61.9
69.0
58.3
50.0
62.2
73.7
51.7
73.8
70.3
55.2
65.2
45.5
54.5
65.0
66.7
51.0
54.5
62.5
55.0
46.3
50.8
69.6
48.6
62.9
71.0
78.6
61.3
77.4
54.5
62.9
61.5
48.3
55.0
76.9
55.9
50.0
54.1
63.6
63.9
52.1
58.3
60.0
76.9
43.9
64.7
77.4
51.1
44.4
59.4
62.5
50.0
52.0
65.4
60.3
48.6
46.2
51.5
56.8
51.9
73.7
88.0
100.0
90.9
78.8
62.5
66.7
91.4
100.0
60.3
51.7
64.3
62.9
64.0
52.0
66.7
60.5
42.9
40.9
50.0
54.5
45.0
61.1
46.9
46.7
52.9
44.1
55.6
46.7
65.2
60.0
50.0
42.9
59.0
61.1
64.5
89.7
72.7
70.7
65.9
80.6
72.6
65.0
65.6
61.9
75.0
60.5
52.2
57.5
58.5
66.7
59.5
66.7
77.4
83.3
69.8
59.0
38.1
46.9
60.0
70.5
62.2
51.5
54.5
53.2
46.9
58.1
60.5
37.9
62.2
77.8
57.4
64.0
62.9
60.5
52.9
50.0
68.0
53.5
61.9
43.2
57.1
63.6
63.6
58.8
60.9
52.4
54.2
72.5
55.6
44.3
63.6
61.5
86.2
75.0
63.9
53.5
50.0
50.0
59.4
41.7
69.4
59.3
62.2
58.3
52.2
75.8
52.5
65.4
53.7
92.3
60.6
51.7
79.3
66.7
60.0
63.3
37.9
51.4
56.1
45.2
52.9
42.4
55.9
60.0
60.7
50.0
53.6
61.1
58.6
51.6
63.6
66.7
65.0
56.0
58.8
61.5
53.3
57.9
61.5
46.2
51.2
67.3
61.2
50.0
61.7
72.2
60.6
53.8
74.4
68.3
60.0
64.7
68.6
77.4
64.1
61.1
64.5
71.0
65.2
50.0
57.1
62.5
70.0
60.0
68.6
67.3
56.8
62.5
64.0
84.6
59.4
54.9
47.6
60.7
61.7
51.6
85.7
74.4
51.6
100.0
70.4
76.7
60.9
57.1
56.7
69.2
67.7
56.8
58.1
67.3
81.6
38.9
78.1
45.9
41.7
63.9
65.0
41.7
52.6
56.1
49.2
53.1
51.5
64.9
58.6
64.0
63.6
53.7
61.5
40.6
46.7
83.0
64.3
61.3
75.9
60.6
46.6
57.1
53.6
57.1
54.5
59.2
70.0
43.9
47.1
62.3
45.9
58.0
90.9
56.0
61.5
47.7
71.4
50.0
65.6
63.5
52.5
58.6
58.3
56.3
44.8
47.4
59.3
60.7
54.8
61.8
54.8
60.0
77.3
112.5
65.9
77.8
52.5
65.5
67.6
45.2
48.2
53.8
48.6
50.0
58.8
46.4
55.2
68.6
49.2
53.8
63.2
63.9
64.0
56.0
55.6
35.1
63.6
47.4
41.5
50.0
59.5
59.3
62.2
46.4
66.7
67.6
58.7
67.7
71.0
70.0
67.4
60.0
42.9
46.2
55.2
52.5
64.5
53.8
54.3
44.1
57.4
61.5
57.4
51.0
81.8
68.0
66.7
52.4
52.4
85.2
62.2
70.0
76.9
92.2
59.5
48.6
45.3
56.7
56.3
67.3
70.0
76.0
59.6
48.7
50.0
50.0
75.5
73.1
57.1
65.3
77.1
51.7
46.0
60.0
57.6
47.1
54.8
51.7
51.9
52.5
50.0
64.9
57.4
74.3
65.2
60.0
53.1
70.3
56.7
80.0
72.7
66.7
62.7
59.5
53.2
64.1
62.5
73.9
45.2
67.6
75.0
45.8
61.5
67.5
63.6
72.7
69.5
65.0
64.7
86.2
65.6
64.5
58.0
35.0
67.9
56.7
60.6
52.3
58.5
58.7
47.7
55.4
63.6
54.2
57.7
36.4
51.2
45.5
60.6
62.9
71.8
64.3
60.6
56.7
68.0
61.3
64.3
64.3
53.6
69.0
69.6
68.2
62.1
44.1
56.1
41.2
57.7
59.3
45.2
60.6
50.0
54.5
63.8
40.9
57.6
52.5
75.0
57.1
58.3
46.7
72.4
56.7
64.4
71.4
73.3
69.0
58.1
66.7
54.7
40.9
48.1
48.1
67.9
51.4
50.0
50.0
76.3
51.6
47.6
63.0
71.8
56.3
76.5
58.3
72.3
76.2
91.3
78.7
56.3
58.3
90.2
51.3
59.5
60.9
60.7
46.4
62.1
63.3
57.5
44.0
57.1
48.1
56.4
50.0
51.7
53.1
67.4
71.1
69.0
71.4
64.7
52.4
77.8
47.6
67.5
61.3
50.0
55.0
53.1
65.7
60.0
62.2
45.1
48.1
57.7
65.0
56.9
63.3
84.2
51.7
83.0
50.0
66.0
61.0
59.5
53.3
52.5
69.2
60.0
58.1
61.8
60.7
63.6
66.7
55.3
55.3
76.0
51.2
57.6
68.4
67.6
54.5
61.5
62.1
52.8
39.4
66.0
57.9
58.6
61.2
49.1
58.1
60.0
51.6
43.3
50.0
38.2
70.0
65.6
55.6
39.6
54.5
49.2
68.4
63.0
55.3
65.5
60.0
55.6
45.7
64.3
64.3
66.7
86.4
80.0
66.7
59.1
61.8
52.5
46.7
79.4
58.8
41.9
48.6
53.7
36.7
55.6
59.4
52.0
53.3
55.3
69.2
51.0
57.1
62.2
57.6
48.3
58.6
63.6
60.9
40.0
55.3
59.0
55.0
51.4
72.2
56.3
59.1
66.7
57.8
45.3
100.0
54.0
73.3
58.1
40.0
52.3
41.7
75.9
63.6
64.7
57.7
71.9
64.2
48.1
65.8
52.4
45.8
72.9
45.6
45.5
65.9
54.2
55.0
58.6
68.4
72.7
70.8
42.4
36.1
57.5
50.0
