26.7
7.7
8.0
9.5
9.5
6.5
8.3
5.0
3.2
12.1
7.1
6.5
6.9
3.2
7.7
5.0
16.0
15.8
9.7
15.2
15.0
8.1
17.9
10.5
12.5
13.6
0.0
9.3
8.7
10.7
3.7
13.2
11.4
8.8
6.1
0.0
23.7
8.0
6.1
16.7
6.5
21.7
5.5
14.8
11.1
4.8
7.1
13.3
12.0
3.2
6.5
20.0
16.7
14.3
3.0
8.1
9.1
15.4
12.9
8.1
2.8
4.5
3.1
7.0
5.9
0.0
7.1
9.4
4.3
9.5
14.5
5.9
13.8
2.9
27.0
6.5
7.7
13.8
8.8
2.7
0.0
4.8
0.0
15.0
8.3
22.6
8.8
7.7
8.0
10.8
6.7
6.4
3.7
12.5
10.8
6.7
7.1
17.4
5.4
3.2
8.0
4.5
5.0
6.6
6.3
8.8
16.7
5.3
13.8
2.7
9.3
20.0
10.7
8.9
21.4
5.4
14.8
3.3
19.2
2.4
11.8
6.9
8.5
11.6
3.7
11.1
7.4
0.0
19.4
18.8
17.9
25.7
6.7
6.1
18.8
12.5
6.9
12.1
23.1
8.6
3.0
20.8
10.8
9.1
20.0
7.7
10.3
12.1
15.2
6.9
10.5
3.3
8.8
8.9
10.0
11.1
12.0
8.6
15.2
12.9
10.3
14.3
14.3
7.7
15.6
12.2
10.8
21.4
6.0
6.9
7.1
14.0
5.6
7.1
7.7
8.3
14.7
3.9
0.0
15.0
10.2
0.0
20.0
7.7
8.8
13.9
10.7
4.3
12.9
6.7
13.5
8.6
7.7
6.9
15.4
3.7
0.0
10.0
13.6
2.1
4.0
15.8
15.6
14.3
5.9
14.8
13.6
5.6
10.0
18.5
12.5
7.5
17.9
12.2
5.7
15.4
11.5
24.0
0.0
0.0
16.3
13.3
10.7
2.9
4.0
19.4
17.0
16.7
7.4
7.4
8.0
8.1
9.8
10.3
18.2
17.2
3.8
5.6
16.7
6.7
17.4
14.3
5.6
13.6
6.7
13.6
9.4
12.1
7.1
8.3
3.8
10.0
8.7
14.3
13.5
14.0
16.7
22.2
10.0
1.9
0.0
14.3
10.8
5.6
10.3
4.2
9.1
5.9
12.5
12.5
5.3
4.7
8.6
8.1
6.3
27.8
10.5
5.1
8.7
5.3
5.4
12.5
12.5
4.2
5.0
4.3
6.9
9.5
5.6
12.5
3.0
8.0
10.0
10.0
8.3
4.8
7.1
7.1
12.2
6.7
9.4
12.5
13.0
22.2
7.0
9.8
10.3
11.4
3.1
9.3
7.9
8.0
2.1
