44.1
85.0
64.0
47.6
47.5
66.7
55.6
62.5
43.5
61.9
69.7
69.0
48.3
41.2
50.0
73.3
57.1
38.9
62.5
62.5
58.5
50.0
52.8
44.4
41.7
53.3
61.9
42.0
61.7
60.5
46.0
70.6
60.4
51.0
50.0
64.2
51.4
65.4
49.3
47.5
65.4
30.2
48.1
49.1
46.2
53.1
54.5
39.1
50.0
53.7
40.0
51.5
44.7
62.5
54.5
47.2
63.6
35.7
55.6
65.0
64.5
55.2
48.0
63.0
58.5
66.0
72.0
70.2
56.8
55.9
60.6
77.4
56.4
65.2
62.5
65.5
60.0
66.7
68.6
62.5
68.4
43.2
54.5
66.7
60.5
38.6
53.3
70.6
50.0
68.8
52.9
61.7
39.0
56.5
55.0
66.7
52.8
51.4
53.6
48.9
51.1
47.1
50.9
58.6
51.4
45.9
48.4
44.8
51.8
34.8
56.4
52.6
64.0
60.7
58.6
50.0
57.1
54.2
63.2
33.3
38.1
51.1
59.1
46.7
51.4
61.9
52.4
41.7
61.1
53.5
54.1
54.8
51.2
38.1
55.9
65.1
47.2
47.8
50.0
45.7
85.7
77.4
55.0
38.1
50.0
59.0
61.1
52.2
65.0
39.6
30.3
38.7
48.5
47.8
74.4
53.6
39.5
53.5
53.8
60.6
60.5
51.4
51.7
44.7
46.5
31.6
68.0
61.4
60.3
57.1
60.0
66.7
57.1
55.9
51.4
55.9
38.7
36.6
61.3
57.7
51.4
39.5
54.3
64.4
54.2
104.8
63.0
95.3
56.5
73.5
51.7
65.6
58.3
72.0
62.2
59.5
55.6
66.7
44.4
52.7
50.8
41.2
53.1
58.8
54.2
52.8
63.8
78.9
63.2
60.0
76.2
62.5
49.0
61.0
55.0
49.1
45.5
48.6
46.7
63.6
46.2
57.1
49.0
62.5
61.7
50.0
57.1
71.4
56.4
50.0
55.9
41.7
59.4
51.4
56.0
28.0
44.4
47.2
59.0
59.4
60.0
53.6
73.8
58.5
58.5
48.3
61.8
48.0
35.0
40.0
58.1
54.8
53.3
37.0
50.0
62.0
51.7
60.0
61.8
54.5
62.5
47.5
51.3
65.5
54.2
53.2
42.4
48.6
61.7
40.5
56.3
53.4
50.9
61.5
66.7
64.5
68.0
40.5
54.2
23.1
62.7
58.1
61.9
71.4
45.1
41.5
42.1
58.1
45.5
53.8
50.0
56.3
49.0
61.3
64.9
66.7
70.0
56.1
62.1
76.4
70.8
61.3
49.2
59.0
54.1
51.6
46.8
51.5
48.9
54.1
46.0
64.7
65.9
46.2
42.3
56.3
32.4
36.4
42.4
54.8
57.4
56.8
70.0
61.3
57.8
68.0
63.2
48.6
64.7
71.4
51.6
59.3
56.3
63.3
46.2
83.3
49.2
41.4
58.6
53.8
52.3
57.6
45.5
62.5
45.9
55.3
64.3
53.3
42.2
50.0
57.6
36.1
51.8
35.3
61.3
45.2
48.9
44.0
56.3
50.0
44.4
21.9
56.3
36.4
69.0
73.2
56.5
55.2
63.4
56.5
48.5
55.1
65.2
52.4
46.0
68.0
45.5
61.1
47.6
34.5
62.0
51.6
57.6
63.0
57.9
55.8
59.3
75.9
67.6
50.0
56.5
51.7
57.1
58.9
42.1
54.8
60.0
44.1
50.0
40.0
48.1
54.7
63.0
54.3
55.0
54.2
52.9
65.2
57.5
60.9
64.1
61.3
61.7
58.3
51.4
73.7
58.9
56.3
68.3
57.1
54.3
60.0
50.0
50.0
57.9
44.7
43.6
64.0
56.5
48.6
53.8
46.4
50.0
53.6
57.1
58.1
45.2
48.3
52.4
44.7
54.5
46.4
40.9
61.2
45.8
43.3
42.9
61.1
62.0
44.0
47.7
42.9
71.4
51.2
49.2
64.0
55.0
41.9
48.6
57.1
47.1
41.9
54.7
48.7
51.7
37.8
54.5
48.1
50.0
36.6
55.9
43.3
56.3
40.4
42.5
38.8
50.0
28.9
60.0
57.9
47.6
60.5
46.4
40.0
46.8
43.2
44.4
51.7
45.9
53.3
54.5
56.7
47.2
64.3
56.7
69.0
45.9
55.9
69.6
52.9
58.3
52.0
53.8
56.5
51.4
63.5
60.9
63.3
58.3
54.3
53.3
41.2
60.0
64.5
38.6
62.2
59.3
52.5
50.0
59.5
58.2
55.6
56.0
69.0
60.0
42.1
46.2
50.0
64.7
50.0
43.3
48.5
50.0
44.0
37.7
42.1
54.5
44.4
59.5
38.7
36.7
56.4
61.8
46.9
48.0
60.0
66.7
37.3
53.7
54.8
71.4
67.6
60.6
61.1
62.5
52.8
52.7
53.8
50.0
30.0
53.1
44.4
40.6
59.1
50.0
43.5
60.6
62.5
62.7
56.7
67.7
45.8
62.1
59.1
70.0
61.1
75.0
66.7
65.4
93.8
57.4
61.0
56.4
43.5
67.4
47.5
78.1
38.1
61.9
51.2
48.2
44.8
47.2
44.7
53.8
48.5
63.6
45.5
62.5
69.2
65.7
57.1
47.1
58.3
50.9
56.0
63.5
51.5
63.0
63.6
36.0
35.3
66.7
66.7
53.6
38.9
36.8
52.3
48.8
59.3
44.8
55.1
52.2
47.1
53.3
41.3
54.5
51.5
55.0
36.6
52.4
51.4
65.6
51.1
54.5
52.9
55.8
42.2
68.5
60.7
64.7
52.5
72.7
71.4
58.3
36.7
36.0
55.6
47.2
51.2
67.6
50.0
48.9
46.3
50.0
87.5
35.1
48.5
52.9
50.7
44.2
57.8
55.6
57.6
61.1
38.2
60.6
47.8
50.0
58.5
67.2
71.4
50.0
63.9
75.0
61.9
59.2
59.5
54.4
47.8
38.2
48.8
65.6
57.6
60.0
52.8
55.2
57.1
42.9
35.1
43.9
34.5
44.9
35.5
45.2
53.6
45.8
62.2
47.6
49.1
31.3
30.0
53.1
50.0
53.6
55.8
41.7
56.3
65.6
46.9
62.5
78.9
51.9
50.0
65.1
61.8
65.7
49.0
42.9
70.3
52.8
61.5
52.9
58.6
42.9
53.1
51.6
58.8
50.8
60.5
58.8
55.4
60.5
56.7
66.0
67.7
69.4
54.3
63.2
55.6
60.5
58.8
53.1
53.8
50.0
50.0
58.6
59.4
61.5
66.7
56.3
33.3
42.4
58.5
40.7
74.2
45.9
47.9
68.5
51.7
63.8
65.4
57.1
50.0
65.5
54.5
48.6
63.6
52.5
40.9
65.4
64.3
37.8
48.5
45.5
48.0
65.0
66.0
67.9
54.5
60.0
51.4
50.0
47.4
64.3
45.2
47.8
28.0
61.3
42.5
50.0
45.0
54.4
37.5
59.4
55.0
46.9
52.5
60.6
47.4
43.8
48.1
53.5
65.9
48.8
51.9
48.0
44.7
65.9
51.4
51.3
57.4
60.5
37.3
52.9
59.5
53.8
50.0
61.1
51.2
65.9
54.5
51.5
57.4
47.0
48.1
59.4
50.0
45.2
44.0
46.2
64.3
46.8
51.9
55.0
45.0
34.2
51.7
60.5
66.7
46.9
52.1
62.1
67.6
56.8
54.5
46.7
50.8
57.6
56.8
52.4
70.8
50.0
47.1
48.8
50.0
37.5
35.7
48.6
35.6
61.0
46.7
68.8
70.6
59.5
61.8
56.1
54.5
54.3
45.3
56.0
56.3
62.7
67.3
68.2
74.4
52.9
55.2
50.0
70.0
52.2
61.8
52.0
65.8
45.7
53.7
44.4
52.1
51.9
37.0
45.7
46.9
47.7
28.3
56.9
57.1
58.8
58.5
50.0
52.9
66.7
43.3
42.6
52.8
47.5
47.3
48.8
64.0
51.6
41.9
56.1
63.6
55.9
50.0
50.0
52.0
71.0
59.5
61.5
48.6
38.9
53.1
52.3
52.5
53.6
43.2
46.9
57.5
49.1
50.0
58.3
40.0
63.3
59.5
48.6
39.4
72.5
65.0
55.6
66.7
48.1
42.4
54.7
60.7
61.9
39.3
65.4
57.1
46.7
50.0
39.7
37.5
59.4
40.4
47.2
50.0
64.9
46.2
46.9
44.1
74.2
68.8
58.6
54.8
66.7
37.8
60.0
52.5
54.1
55.6
60.0
70.8
57.9
58.5
58.5
58.3
57.8
48.8
41.2
57.9
50.0
40.0
57.8
59.3
39.4
54.5
48.4
48.5
46.2
45.2
41.2
50.0
50.8
43.2
48.0
40.9
45.1
33.3
53.1
50.0
34.5
60.0
66.7
52.4
45.1
40.5
55.3
50.0
47.9
46.2
53.3
64.0
58.3
40.0
57.7
60.0
57.1
60.0
50.0
52.9
44.2
62.8
53.3
48.1
47.1
50.9
40.5
48.5
67.6
50.0
64.7
58.6
50.8
59.3
60.0
70.0
72.4
54.8
58.9
45.8
51.4
55.6
66.7
65.5
65.1
50.0
47.1
59.1
57.1
60.7
45.2
71.4
41.7
45.1
66.7
76.5
53.3
51.1
53.6
55.6
70.3
56.8
71.4
43.8
65.5
56.7
76.2
56.0
54.5
61.0
55.3
65.7
47.6
34.1
62.5
71.4
54.1
51.6
69.1
76.5
55.2
35.3
78.6
52.9
41.2
60.6
55.0
52.9
49.1
73.3
56.4
45.2
68.8
40.0
57.1
43.5
55.0
40.9
56.0
53.6
58.3
44.4
51.3
50.8
50.0
52.6
71.4
41.7
60.0
40.6
60.7
61.8
60.0
51.8
63.6
67.7
60.6
63.6
58.1
63.6
31.6
50.9
56.1
60.0
54.2
39.5
50.0
60.3
66.7
61.5
55.9
57.9
70.4
47.4
51.9
57.1
61.8
55.2
46.8
48.6
57.7
43.9
54.1
70.6
32.3
73.9
38.5
52.4
50.0
57.1
66.0
72.0
45.2
53.7
53.7
24.0
47.8
41.9
55.6
67.6
55.9
66.0
41.9
62.1
34.4
54.2
46.7
39.1
41.5
45.2
61.5
48.3
38.2
50.0
65.5
48.6
31.9
40.0
48.4
58.6
59.3
46.3
42.1
34.5
39.5
43.9
43.2
37.2
56.1
51.1
58.0
59.6
38.3
34.8
58.3
28.6
42.1
50.0
45.2
50.8
61.8
64.0
60.7
56.3
62.1
45.7
66.7
56.4
44.4
66.7
69.0
57.6
53.3
52.6
47.6
57.6
69.4
52.7
69.2
60.0
55.1
42.9
58.3
63.3
52.1
66.7
48.3
61.1
53.3
60.6
38.0
46.2
59.3
63.9
73.1
64.5
48.6
53.1
45.9
63.2
57.5
52.0
66.7
50.0
34.6
64.7
71.0
47.8
58.6
48.4
58.8
56.0
36.7
61.0
41.8
68.8
40.0
48.5
43.2
52.5
54.8
45.3
58.2
58.2
57.4
46.9
72.7
65.4
61.5
50.0
41.2
47.6
58.3
29.0
71.9
43.5
48.4
61.5
55.2
63.6
45.9
40.5
53.8
55.9
50.0
57.1
58.3
55.0
54.8
40.7
59.4
57.1
82.6
52.6
54.1
47.4
48.6
51.3
69.0
48.1
59.5
54.5
64.0
50.7
59.5
33.3
64.4
48.5
45.7
50.0
68.6
50.9
52.9
52.5
57.9
47.5
59.0
45.2
49.1
51.6
36.7
54.3
47.8
47.5
64.3
45.2
45.1
52.0
54.5
34.5
51.4
53.6
40.0
61.5
72.2
52.0
59.0
60.6
54.5
52.3
48.8
55.6
51.5
46.0
52.8
46.3
42.9
55.2
44.0
43.8
61.1
64.0
67.9
58.1
54.3
51.3
61.5
60.5
47.6
59.1
58.8
46.7
40.6
47.9
50.0
43.6
66.7
53.3
59.3
61.5
53.7
59.1
72.2
67.7
75.0
55.6
48.6
54.2
63.6
64.3
56.0
55.2
56.7
31.8
60.3
50.0
50.0
54.1
50.0
52.9
47.0
56.5
43.2
63.0
51.2
69.7
60.4
36.4
51.6
52.4
51.6
42.6
63.6
61.4
61.5
37.2
52.9
84.2
41.7
41.2
45.0
44.9
57.4
48.6
54.7
55.6
53.1
64.6
51.9
38.7
66.7
48.6
55.9
16.7
56.5
64.3
55.3
43.8
65.0
58.5
57.4
69.0
42.3
71.4
50.0
61.8
65.4
75.0
52.5
48.6
52.2
43.2
74.1
69.0
43.6
54.5
61.7
80.8
69.7
55.3
50.0
44.4
53.1
57.9
50.8
41.2
52.0
48.6
60.0
50.0
59.0
59.0
48.8
50.0
46.7
70.3
50.0
50.0
66.7
38.5
61.5
55.4
54.8
60.0
61.9
41.5
44.4
62.9
42.9
61.8
57.6
52.9
49.1
52.5
48.6
45.2
45.0
57.1
48.6
69.0
67.6
59.4
40.5
58.3
44.8
53.3
59.6
51.9
47.6
48.1
36.1
36.7
62.1
66.7
62.3
35.1
57.6
51.7
50.0
81.5
54.5
48.3
31.6
43.6
46.4
47.8
37.3
43.6
52.9
40.0
62.2
74.1
64.7
57.8
60.4
48.5
57.4
45.7
59.4
58.3
52.0
53.2
50.0
48.5
50.0
44.1
40.7
56.8
43.3
46.3
59.5
51.4
66.0
65.2
57.9
62.1
68.8
68.6
62.5
55.6
50.8
55.6
50.0
48.1
48.0
56.8
54.5
40.6
52.9
52.8
58.8
45.6
34.1
41.9
51.1
48.1
68.4
36.4
54.5
38.7
60.0
73.7
55.6
34.0
49.3
100.0
36.4
52.9
41.9
77.4
34.4
40.8
55.8
53.3
51.5
39.4
51.6
81.0
50.0
65.0
61.1
57.1
48.0
56.7
58.5
70.3
46.7
52.0
70.0
59.6
50.0
52.2
51.4
53.8
58.3
64.0
54.9
55.6
71.1
49.0
63.6
61.8
67.6
60.4
39.1
50.0
52.3
52.5
61.1
38.1
60.0
53.5
61.3
60.4
65.5
53.8
57.5
46.7
40.0
56.1
41.7
50.0
67.9
66.7
83.3
69.4
52.6
51.4
66.1
70.0
46.5
47.2
52.4
54.2
55.0
52.4
52.8
57.1
43.8
45.2
44.7
61.8
46.7
48.5
61.8
65.9
79.3
67.4
76.2
54.5
59.2
47.2
51.9
66.7
30.4
60.0
65.6
54.0
51.2
48.9
46.2
55.6
54.2
59.3
45.2
52.9
40.5
58.1
35.3
52.6
52.8
59.4
51.5
63.2
54.0
57.7
60.0
48.5
66.7
38.7
54.3
37.5
44.1
69.2
50.0
50.0
61.4
51.4
74.2
64.5
62.8
66.7
72.0
66.7
43.6
54.3
48.6
45.1
60.5
56.0
69.4
63.2
53.8
48.1
67.6
55.6
53.1
71.0
62.9
53.7
52.5
41.4
48.6
65.0
56.3
41.4
48.5
47.2
70.4
38.7
55.0
35.7
65.0
45.3
57.8
56.7
63.6
45.5
60.7
52.7
59.3
48.4
46.2
51.1
61.0
56.0
45.9
60.5
46.4
63.6
59.0
50.0
57.6
56.8
54.5
69.6
48.3
52.0
46.2
80.0
57.1
55.3
72.0
64.5
52.4
55.6
62.9
63.5
58.8
57.8
63.6
50.0
58.3
55.3
61.1
66.7
56.5
35.5
45.0
67.6
54.3
47.1
50.0
47.8
75.0
55.8
58.6
38.9
51.2
50.0
42.1
40.0
59.7
42.9
40.6
52.2
56.5
52.5
51.3
76.3
66.1
63.4
83.3
65.4
47.9
52.9
58.6
66.7
60.3
59.3
48.5
49.0
72.0
47.2
50.0
55.2
56.1
55.8
55.9
60.7
40.8
43.3
54.1
46.2
63.0
41.0
40.0
26.9
44.8
37.8
54.9
56.6
55.0
60.5
72.5
55.0
57.4
51.2
52.0
41.7
71.7
64.9
47.4
63.8
57.5
36.4
53.2
47.2
54.5
66.7
52.5
55.6
38.1
55.8
51.3
46.7
50.0
56.8
45.7
48.9
67.5
43.6
56.1
50.8
60.0
81.0
48.1
58.8
85.2
62.5
64.7
76.9
63.2
48.5
52.4
65.5
61.1
50.0
54.1
63.2
48.3
66.7
43.2
62.1
60.9
45.5
47.7
53.3
66.7
38.8
72.7
54.2
65.0
34.1
50.8
67.9
60.0
54.3
58.1
78.6
71.0
67.7
39.4
57.1
66.7
44.8
55.0
69.2
44.1
46.4
40.5
57.6
61.1
54.2
50.0
57.8
59.0
41.5
58.8
45.2
44.7
38.9
43.8
53.1
45.8
64.0
51.9
53.4
37.1
33.3
51.5
56.8
51.9
42.1
72.0
88.2
69.7
69.2
55.4
64.3
62.9
82.8
65.5
50.0
67.9
51.4
64.0
36.0
59.3
55.3
57.1
31.8
55.9
60.6
45.0
55.6
34.4
46.7
44.1
44.1
50.8
44.4
56.5
48.0
60.7
28.6
49.2
63.9
45.2
72.4
56.8
63.4
48.8
54.8
67.7
67.5
43.8
57.1
60.0
71.1
50.0
62.5
53.8
64.3
45.9
53.8
67.7
56.7
67.4
59.0
33.3
37.5
48.3
52.3
57.8
54.5
54.5
46.8
50.0
35.5
52.6
48.3
59.5
75.0
53.2
56.0
54.3
60.5
58.8
39.5
52.0
44.2
45.2
27.0
41.3
63.6
56.8
55.9
65.2
52.4
52.1
57.5
47.2
45.9
52.7
46.2
75.9
57.1
47.2
39.5
47.1
45.0
53.1
50.0
55.6
44.4
48.6
50.0
43.3
75.8
45.0
61.5
56.1
65.4
45.5
41.4
79.3
66.7
60.0
57.1
51.7
45.7
53.7
54.8
64.7
51.5
47.1
44.0
50.0
56.7
35.7
41.7
56.9
51.6
57.6
61.1
65.0
52.0
64.7
69.2
40.0
57.9
51.9
36.5
48.8
59.2
49.0
39.3
51.7
63.9
54.5
53.8
64.1
53.7
56.0
55.9
54.3
61.3
53.1
63.9
54.8
64.5
58.7
50.0
57.1
62.5
66.7
55.6
51.4
57.7
62.2
62.5
56.0
67.3
65.6
54.9
45.2
42.9
61.7
51.6
71.4
79.1
46.8
60.9
59.3
60.5
52.2
62.9
53.3
69.2
58.1
59.1
35.5
58.2
68.4
38.9
78.1
47.5
41.7
41.7
70.0
54.2
44.7
56.1
49.2
40.6
48.5
64.9
51.7
68.0
66.7
58.5
53.8
31.3
42.2
66.0
60.7
41.9
58.6
48.5
46.6
71.4
51.8
42.9
54.5
57.1
60.0
34.1
44.1
58.5
54.1
50.0
118.2
36.0
61.5
38.6
60.0
50.0
56.3
57.7
40.0
37.9
50.0
43.8
31.0
42.1
49.2
50.0
57.1
32.4
45.2
57.8
62.1
75.0
51.2
63.9
57.5
56.9
47.1
38.7
51.8
42.3
54.1
42.9
52.9
50.0
37.9
68.6
50.8
53.8
52.6
58.3
64.0
44.0
44.4
27.0
63.6
52.6
37.7
38.0
51.4
53.7
54.1
42.9
46.7
52.9
57.1
58.1
58.1
56.7
48.8
52.0
42.9
61.5
70.7
57.5
61.3
40.0
56.5
41.2
49.2
65.4
32.8
40.8
63.6
54.0
59.0
40.5
66.7
77.8
56.8
60.0
69.2
76.5
51.4
51.4
48.4
50.0
53.1
55.1
70.0
72.0
55.3
46.2
46.4
42.9
67.3
63.5
57.1
57.1
58.3
41.4
44.0
55.0
66.1
35.3
45.2
51.7
55.6
42.5
40.0
59.6
50.8
60.0
56.5
60.0
40.8
62.2
58.3
80.0
68.2
66.7
56.9
67.6
55.3
61.5
62.5
58.7
53.2
48.6
80.0
45.8
53.8
62.5
45.5
70.9
55.9
50.0
50.0
75.9
59.4
48.4
52.2
30.0
67.9
56.7
51.5
53.8
53.7
45.7
38.5
46.2
45.5
25.0
50.0
36.4
46.3
42.4
51.5
68.6
71.8
54.8
60.6
56.7
66.0
45.2
66.7
55.4
53.6
61.9
39.1
63.6
44.8
55.9
56.1
52.9
44.2
55.6
54.8
54.5
40.9
50.0
61.7
50.0
52.5
45.0
57.1
51.8
54.2
46.7
60.3
63.3
52.5
48.6
66.7
51.7
51.6
51.5
64.1
40.9
59.3
40.7
64.3
40.5
54.2
47.1
50.0
45.3
33.3
63.0
51.3
62.5
60.8
50.0
66.2
71.4
60.9
66.0
46.9
50.0
70.6
35.9
56.8
53.1
53.6
37.5
55.2
56.7
57.5
48.0
52.4
51.9
49.1
42.5
58.6
53.1
67.4
52.6
70.7
59.5
67.6
61.9
55.6
42.9
57.5
58.1
45.8
60.0
40.6
57.1
51.4
51.4
41.2
33.3
59.6
60.0
48.3
61.2
63.2
55.2
55.3
35.7
58.5
56.1
59.5
53.3
60.0
57.7
53.3
58.1
50.0
67.9
58.2
51.5
53.2
52.6
48.0
51.2
49.2
63.2
48.6
54.5
69.2
48.3
50.0
48.5
62.0
65.8
51.7
53.1
45.3
48.8
57.1
41.9
38.8
44.4
47.1
60.0
56.3
36.1
43.4
45.5
49.2
57.9
63.0
55.3
51.7
44.0
58.3
39.1
59.5
50.0
64.3
72.7
60.0
50.0
54.5
61.8
49.2
43.3
64.7
56.9
61.3
51.4
46.3
60.0
50.0
59.4
52.0
63.3
52.6
71.8
45.1
53.1
54.1
48.5
56.7
51.7
48.5
60.9
36.0
44.7
51.3
55.0
57.1
69.4
54.2
54.5
59.3
55.6
37.5
78.9
44.0
56.7
54.8
26.7
47.7
33.3
69.0
57.6
64.7
38.5
71.9
62.3
51.9
57.9
55.6
37.5
56.3
43.9
45.5
59.1
54.2
45.0
53.4
73.7
63.6
70.8
45.5
33.3
57.5
50.0
