41.2
65.0
60.0
57.1
60.0
60.6
65.1
53.1
45.7
61.9
51.5
41.4
48.3
32.4
50.0
46.7
44.9
38.9
50.0
34.4
41.5
40.0
44.4
63.0
50.0
53.3
61.9
46.0
45.0
50.0
41.3
64.7
41.7
51.0
52.9
60.4
45.9
42.3
42.0
45.0
53.8
30.2
33.3
47.4
42.3
40.6
30.3
39.1
33.3
36.6
35.0
56.1
36.8
28.1
49.1
50.0
58.2
42.9
47.2
60.0
51.6
51.7
40.0
57.4
56.1
64.2
48.0
83.0
56.8
47.1
48.5
67.7
61.5
73.9
70.8
65.5
57.8
58.3
78.4
75.0
57.9
43.2
43.2
60.6
53.5
36.4
20.0
73.5
39.6
59.4
35.3
60.0
41.5
50.0
50.0
53.3
44.4
56.8
39.3
42.2
42.6
44.1
47.2
55.2
45.9
40.5
35.5
31.0
42.9
39.1
49.1
36.8
60.0
57.1
41.4
31.3
48.6
37.5
38.6
38.9
33.3
29.8
45.5
33.3
29.7
31.0
42.9
50.0
63.9
48.8
40.5
48.4
51.2
28.6
55.9
53.5
58.3
56.5
50.0
54.3
75.0
71.0
55.0
47.6
50.0
61.5
52.8
50.0
57.5
41.5
27.3
38.7
27.3
34.8
44.2
57.1
28.9
34.9
34.6
36.4
52.6
45.9
51.7
34.0
58.1
50.0
54.0
52.6
39.7
47.6
45.0
58.3
46.4
44.1
48.6
52.9
38.7
29.3
32.3
50.0
45.9
27.9
45.7
67.8
54.2
90.5
70.4
62.8
54.3
67.6
70.0
55.7
50.0
60.0
62.2
73.0
59.3
42.4
27.8
52.7
45.8
29.4
40.8
47.1
29.2
55.6
68.1
78.9
57.9
46.7
66.7
50.0
52.9
56.1
52.5
40.4
45.5
32.4
36.7
54.5
30.8
28.6
46.9
43.8
44.7
41.2
33.3
52.4
41.0
40.0
55.9
53.3
43.8
32.4
40.0
32.0
44.4
50.0
61.5
50.0
67.5
64.3
57.1
48.8
53.7
48.3
45.5
44.0
35.0
40.0
54.8
54.8
55.6
29.6
52.8
52.0
51.7
51.1
47.1
54.5
54.2
42.5
51.3
41.4
39.0
40.4
48.5
34.3
44.7
43.2
53.1
51.7
45.6
53.8
71.4
51.6
36.0
32.4
37.5
42.3
58.8
32.3
42.9
76.2
29.4
41.5
57.9
53.5
40.9
38.5
55.3
39.6
51.0
54.8
56.8
60.0
70.0
58.5
65.5
83.6
70.8
67.7
49.2
43.6
45.9
51.6
44.7
33.3
48.9
37.8
31.7
58.8
48.8
51.3
30.8
53.1
29.7
42.4
66.7
35.5
45.9
54.1
70.0
38.7
55.6
48.0
52.6
45.9
61.8
65.7
32.3
48.1
75.0
46.7
26.9
44.4
47.7
41.4
44.8
61.5
56.8
48.5
38.6
62.5
40.5
52.6
42.9
44.4
55.6
52.8
33.3
33.3
44.6
20.6
54.8
32.3
38.3
28.0
51.6
42.1
30.6
28.1
50.0
40.9
55.2
58.5
69.6
62.1
65.9
53.2
54.5
57.1
47.8
50.0
47.6
56.0
36.4
53.7
42.9
41.4
38.0
35.5
43.9
45.7
52.6
37.2
40.7
79.3
51.4
53.1
51.6
55.0
61.9
48.2
55.3
54.8
51.4
50.0
45.0
40.0
55.6
50.9
63.0
51.4
45.0
52.1
47.1
39.1
45.0
47.8
41.0
51.6
48.9
41.7
48.6
63.2
55.4
50.0
56.1
39.3
40.0
51.4
48.4
52.8
47.4
46.8
59.0
62.0
54.3
62.9
28.2
32.1
32.1
32.1
35.7
34.9
31.0
41.4
42.9
28.9
39.4
39.3
45.5
49.0
35.4
33.3
35.7
55.6
62.0
38.0
63.6
42.9
54.3
46.5
50.8
64.0
48.3
41.9
45.9
52.4
38.2
41.9
49.1
38.5
46.6
29.7
33.3
63.0
42.9
41.5
67.6
60.0
37.5
34.0
45.0
46.9
39.1
28.9
32.0
44.7
42.9
47.4
57.1
53.3
40.4
48.6
25.9
37.9
39.3
51.1
50.0
36.7
33.3
38.1
48.3
55.2
48.6
58.8
69.6
47.1
38.9
50.0
42.3
39.1
48.6
59.6
47.8
49.0
52.8
48.6
48.9
35.3
49.1
58.1
52.3
54.1
51.9
47.5
50.0
48.6
63.6
66.7
68.0
55.2
54.0
44.7
27.7
45.7
41.2
37.5
43.3
33.3
34.1
28.0
31.1
42.1
54.5
48.1
56.8
48.4
46.7
35.9
55.9
40.6
40.0
36.7
61.9
39.2
48.8
50.0
53.6
67.6
60.6
58.3
66.7
50.0
54.5
61.5
29.4
26.7
36.7
25.0
34.4
50.0
26.7
43.5
66.7
62.5
64.7
70.0
90.3
66.7
72.4
68.2
73.3
61.1
69.2
83.3
69.2
87.5
63.8
73.2
48.7
30.4
60.5
52.5
50.0
31.0
50.0
23.3
51.8
51.7
44.4
51.1
38.5
54.5
54.5
36.4
65.0
61.5
68.6
42.9
52.9
38.9
52.7
52.0
48.1
39.4
50.0
59.1
32.0
35.3
53.3
50.0
50.0
44.4
47.4
52.3
51.2
51.9
48.3
46.9
47.8
35.3
55.0
50.0
45.5
54.5
52.5
46.3
59.5
56.8
50.0
51.1
45.5
41.2
34.9
35.6
64.8
50.0
55.9
52.5
54.5
60.7
58.3
46.7
20.0
55.6
36.1
46.3
55.9
46.6
42.2
46.3
41.7
31.3
21.6
51.5
38.2
46.3
27.9
46.7
48.1
54.5
44.4
35.3
69.7
47.8
47.2
58.5
62.3
62.5
50.0
58.3
58.3
57.1
38.8
54.1
52.6
52.2
45.5
48.8
53.1
42.4
37.1
50.0
55.2
42.9
40.0
40.4
31.7
48.3
28.6
22.6
26.2
28.6
45.8
45.9
38.1
50.9
28.1
26.7
39.1
37.9
42.9
57.7
33.3
59.4
53.1
40.6
43.8
68.4
51.9
63.3
60.5
49.1
71.4
45.1
48.6
45.9
58.3
56.4
47.1
34.5
38.8
50.0
54.8
58.8
52.5
48.8
23.5
50.8
42.1
60.0
58.5
71.0
55.6
58.7
57.9
50.8
47.4
61.8
45.3
59.0
68.5
54.2
51.7
46.9
53.8
30.6
43.8
33.3
36.4
50.9
44.4
48.4
37.8
33.3
64.8
58.6
60.3
73.1
42.9
44.4
69.0
51.5
48.6
39.4
55.9
29.5
53.8
46.4
24.3
27.3
36.4
48.0
55.0
58.0
42.9
60.6
66.7
45.9
52.8
28.9
46.4
54.8
34.8
32.0
45.2
45.0
53.1
47.5
35.1
37.5
40.6
70.0
53.1
47.5
42.4
47.4
53.1
40.7
34.9
51.2
34.1
74.1
32.0
31.6
43.2
37.8
51.3
51.1
50.0
31.4
58.8
45.9
57.7
47.5
66.7
31.7
61.0
43.2
54.5
53.7
54.5
63.0
68.8
35.7
61.9
44.0
53.8
50.0
40.3
51.9
30.0
35.0
39.5
44.8
55.3
61.1
37.5
64.6
58.6
64.7
51.4
43.2
36.7
43.1
49.2
52.3
52.4
29.2
32.1
38.2
37.2
14.3
25.0
26.2
29.7
28.9
41.5
24.4
50.0
82.4
62.2
47.1
43.9
49.1
54.3
47.2
64.0
56.3
64.4
59.2
45.5
62.8
64.7
51.7
51.6
70.0
55.1
47.1
42.0
63.2
47.8
43.9
25.0
41.7
48.1
21.7
41.3
37.5
38.6
28.3
52.9
78.6
58.8
58.5
52.4
58.8
66.7
56.7
38.3
22.2
40.0
29.1
39.0
64.0
35.5
35.5
52.6
54.5
54.2
66.7
58.3
24.0
58.1
54.1
59.0
59.5
27.8
43.8
54.5
42.5
57.1
47.7
43.8
42.5
56.1
40.0
54.2
48.0
46.7
51.4
51.4
39.4
57.5
57.5
38.9
80.0
55.8
36.4
50.0
53.6
50.0
50.0
50.0
74.3
46.7
50.0
36.2
45.8
68.8
38.3
44.4
54.0
45.9
53.8
56.3
41.2
54.8
62.5
51.7
64.5
63.3
43.2
56.7
40.7
48.6
55.6
40.0
62.5
52.6
53.7
49.1
38.9
42.2
51.2
44.1
60.5
46.2
55.0
55.6
48.1
30.3
43.2
48.4
39.4
46.2
45.2
29.4
42.9
40.7
40.5
56.0
36.4
37.3
33.3
31.3
46.9
37.9
46.7
52.4
33.3
33.3
33.3
52.6
30.8
47.9
33.3
26.7
72.0
44.4
24.4
38.5
60.0
33.3
53.3
50.0
44.1
41.9
53.5
41.7
55.6
52.9
54.5
35.1
48.5
50.0
47.1
70.6
55.2
57.6
63.0
60.0
55.0
58.6
48.4
62.5
47.9
37.1
44.4
57.6
37.9
58.1
60.5
52.9
50.0
57.1
64.3
54.8
61.2
47.2
52.9
50.0
64.7
53.3
51.1
57.1
50.0
48.6
48.6
74.3
56.3
60.3
56.7
85.7
54.0
45.5
48.8
34.2
40.0
49.2
39.0
45.8
53.6
37.8
45.2
54.5
70.6
51.7
32.4
59.5
44.1
26.5
63.6
55.0
52.9
36.4
53.3
38.5
48.4
47.9
20.0
42.9
38.7
27.5
31.8
40.0
71.4
44.4
44.4
56.4
35.6
55.4
50.0
47.6
45.8
40.0
50.0
39.3
52.7
63.1
42.9
45.5
67.7
48.5
54.5
61.3
66.7
39.5
47.2
53.7
62.2
58.3
36.8
56.3
44.4
57.6
43.6
44.1
50.0
51.9
47.4
34.6
57.1
47.1
48.3
68.1
43.2
53.8
46.3
39.3
29.4
38.7
30.4
34.6
52.4
43.2
45.7
53.2
56.0
35.5
46.3
43.9
20.0
37.0
32.6
33.3
58.8
26.5
44.0
46.5
31.0
31.3
47.9
46.7
37.0
31.7
38.7
41.0
20.7
41.2
47.2
45.5
51.4
30.6
37.1
38.7
58.6
33.3
43.9
34.2
20.7
31.6
31.7
37.8
39.5
31.7
31.1
36.0
40.4
33.3
26.1
41.7
23.8
26.3
38.2
35.5
32.2
44.1
50.0
35.7
46.9
62.1
40.0
71.4
66.7
35.2
50.0
55.2
51.5
63.3
34.2
38.1
66.7
55.6
54.5
73.1
40.0
46.9
50.0
41.7
43.3
41.7
46.7
27.6
47.2
35.6
51.5
32.0
34.6
63.0
47.2
50.0
51.6
45.7
37.5
45.9
57.9
50.0
36.0
53.8
55.0
38.5
38.2
80.6
73.9
60.3
38.7
52.9
64.0
33.3
53.7
45.5
81.3
25.0
51.5
36.4
42.4
33.3
49.1
49.1
61.8
33.3
40.8
72.7
50.0
38.5
50.0
26.5
39.7
28.3
29.0
31.3
39.1
35.5
46.2
44.8
59.1
54.1
32.4
57.7
52.9
32.5
45.7
52.8
50.0
40.3
45.8
31.3
49.0
43.5
44.7
47.3
42.1
43.2
59.0
65.5
48.1
48.6
52.3
56.0
37.3
43.2
19.4
62.2
33.3
31.4
41.7
62.9
38.2
61.8
42.5
47.4
55.9
48.7
45.2
43.6
41.9
36.7
48.6
50.0
35.0
39.3
54.8
29.4
48.0
37.9
44.8
37.8
35.7
36.7
38.5
55.6
44.0
54.1
54.5
45.5
52.3
39.0
55.6
51.5
46.0
47.2
37.0
40.5
44.8
22.0
37.5
53.7
72.0
53.6
54.8
71.7
53.8
57.7
63.2
26.2
56.8
41.2
33.3
25.0
29.2
50.0
43.6
48.1
60.0
62.7
51.9
51.9
40.9
63.9
64.5
67.9
50.0
45.9
54.2
51.5
42.9
34.0
55.2
43.3
36.4
44.4
34.6
52.8
45.9
53.8
44.1
39.4
47.8
40.5
60.9
34.1
63.6
50.9
45.5
45.3
42.9
38.7
46.8
63.6
63.6
43.6
44.2
23.5
94.7
38.9
25.5
50.0
51.0
44.7
45.7
41.5
61.1
75.0
60.4
55.6
48.4
60.0
45.7
44.1
41.7
51.6
57.1
47.4
50.0
42.5
61.0
46.3
58.6
61.5
66.7
58.3
55.9
61.5
53.6
50.8
67.6
65.2
34.1
51.9
72.4
56.4
42.4
58.3
76.9
69.7
55.3
39.3
44.4
38.8
44.7
52.5
29.4
56.0
35.1
54.3
40.0
33.3
43.6
31.7
42.1
33.3
40.5
30.6
43.8
46.2
34.6
76.9
39.3
51.6
48.0
52.4
36.6
40.7
40.0
34.3
38.2
48.5
47.1
35.8
42.5
35.1
35.5
25.0
47.6
54.3
48.3
35.3
53.1
47.6
62.5
43.1
46.7
46.2
51.9
45.2
40.7
33.3
36.7
58.6
66.7
50.7
24.3
66.7
48.3
46.7
77.8
50.0
38.3
26.3
43.6
42.9
26.1
23.5
41.0
26.5
35.0
45.9
40.7
44.1
48.9
60.4
51.5
51.1
42.9
59.4
54.2
36.0
55.3
55.6
30.3
52.9
27.1
40.7
43.2
33.3
38.9
56.8
48.6
64.2
43.5
71.1
44.8
68.8
64.7
75.0
41.7
39.0
37.0
78.6
33.3
52.0
29.7
43.2
34.4
58.8
58.5
55.9
40.4
36.6
58.1
37.8
51.9
63.2
40.9
54.5
41.9
35.0
76.3
51.1
35.8
41.8
78.6
33.3
37.3
27.9
54.8
34.4
34.7
46.2
51.7
57.6
30.3
45.2
66.7
28.6
55.0
51.9
33.3
40.0
53.3
51.2
51.4
48.9
34.0
75.0
40.4
28.9
52.2
57.1
57.7
44.4
56.0
64.7
38.9
55.3
40.8
36.4
61.8
29.7
39.6
31.3
40.9
47.7
35.0
58.3
23.8
40.0
30.2
48.4
47.2
49.1
53.8
37.5
26.7
33.3
48.8
45.8
50.0
56.6
46.3
50.0
63.3
60.5
34.3
50.8
45.0
39.5
30.6
57.1
58.3
45.0
38.1
54.7
61.9
37.5
48.4
31.9
47.1
37.8
30.3
61.8
56.1
72.4
65.2
71.4
68.2
57.1
58.3
40.7
51.0
39.1
43.3
43.8
52.4
39.0
44.4
53.8
38.9
62.7
51.9
50.0
38.2
31.0
55.8
29.4
47.4
45.3
53.1
42.4
42.1
48.0
50.0
54.3
39.4
46.7
48.4
60.0
25.0
50.0
56.4
45.0
58.3
43.9
45.9
61.3
48.4
48.8
61.5
64.0
53.3
41.0
47.8
62.2
51.0
44.7
64.0
67.7
100.0
48.7
51.9
56.8
51.1
55.1
74.2
51.4
36.6
50.8
48.3
37.1
50.0
56.3
37.9
47.0
38.9
40.7
35.5
55.0
35.7
67.5
39.6
62.5
60.0
72.7
52.3
42.9
52.7
40.7
41.9
46.2
44.7
49.2
32.0
32.4
42.1
39.3
45.5
50.8
29.4
54.2
45.9
57.6
65.2
41.4
56.0
51.9
53.3
31.7
47.4
40.0
29.0
19.0
33.3
42.9
54.0
52.9
51.1
36.4
50.0
66.7
52.6
47.2
46.7
52.2
32.3
27.5
56.8
43.5
47.1
35.7
47.8
62.5
44.2
34.5
47.2
44.2
50.0
43.9
20.0
48.4
42.9
25.0
45.7
34.8
42.5
53.8
89.5
69.6
58.5
73.3
73.1
50.0
32.4
50.0
20.0
51.7
33.3
45.5
25.5
56.0
36.1
42.9
39.7
39.0
39.5
41.2
57.1
44.9
26.7
35.1
47.7
53.7
43.6
32.0
38.5
41.4
35.1
49.0
50.9
50.0
48.8
50.0
25.0
48.9
51.2
20.0
38.9
52.2
54.1
34.2
38.3
50.0
38.2
45.2
47.2
51.5
48.1
45.0
63.9
42.9
60.5
41.0
33.3
40.3
54.1
48.6
53.2
80.0
38.2
68.4
44.1
65.5
81.0
40.7
58.8
81.5
62.5
58.8
69.2
47.4
39.4
54.8
44.8
44.4
44.1
40.5
57.9
43.3
57.1
51.4
51.7
50.0
36.4
36.4
53.3
72.2
40.8
72.7
56.3
52.5
39.0
45.9
44.6
34.3
51.4
58.1
42.9
41.9
48.4
50.0
45.7
66.7
37.9
42.5
69.2
47.1
39.3
35.1
48.5
47.2
39.6
41.7
51.1
51.3
36.6
44.1
38.7
44.7
36.1
46.9
53.1
43.8
68.0
53.8
46.6
34.3
48.7
36.4
43.2
29.6
26.3
76.0
58.8
72.7
71.2
55.4
50.0
25.7
62.1
55.2
51.7
64.3
42.9
56.0
40.0
51.9
52.6
47.6
31.8
50.0
48.5
32.5
59.3
40.6
40.0
35.3
26.5
33.3
33.3
34.8
32.0
35.7
22.9
49.2
50.0
38.7
62.1
45.5
61.0
51.2
67.7
53.2
65.0
75.0
50.0
70.0
55.3
52.2
50.0
38.5
45.2
48.6
35.9
41.9
40.0
53.5
35.9
38.1
53.1
40.0
52.3
55.6
45.5
34.1
44.7
53.1
48.4
55.3
41.4
51.4
61.1
48.9
52.0
40.0
55.8
64.7
55.3
52.0
34.9
52.4
32.4
41.3
40.9
63.6
50.0
56.5
52.4
41.7
42.5
44.4
42.6
47.3
43.6
37.9
60.7
44.4
46.5
32.4
50.0
43.8
41.7
55.6
40.7
40.5
50.0
49.3
69.7
75.0
76.9
51.2
57.7
39.4
41.4
51.7
55.6
60.0
53.1
55.2
62.9
51.2
54.8
29.4
45.5
38.2
28.0
42.9
50.0
50.0
30.6
55.2
58.1
63.6
61.1
70.0
44.0
61.8
61.5
33.3
63.2
42.3
36.5
39.0
42.9
32.7
25.0
40.0
55.6
39.4
50.0
64.1
41.5
32.0
35.3
37.1
59.7
39.1
66.7
45.2
67.7
56.5
61.5
41.1
66.7
56.7
53.3
37.1
63.5
62.2
58.3
68.0
46.2
56.3
47.1
28.6
39.3
51.1
48.4
57.1
65.1
40.3
73.9
51.9
74.4
58.7
60.0
41.7
50.0
48.4
68.2
41.9
54.5
57.9
52.8
50.0
41.0
44.4
36.1
45.0
37.5
55.3
41.5
41.3
40.6
54.5
51.4
51.7
52.0
66.7
48.8
61.5
40.6
44.4
70.2
60.7
58.1
69.0
39.4
34.5
42.9
48.2
34.7
45.5
44.9
55.0
34.1
47.1
62.3
49.2
48.0
63.6
48.0
56.4
31.8
51.4
35.0
46.9
65.4
32.5
37.9
29.2
31.3
20.7
28.1
47.5
42.9
47.6
32.4
38.1
53.3
56.1
75.0
48.8
61.1
30.0
53.4
47.1
35.5
41.1
34.6
40.5
39.3
52.9
25.0
48.3
51.4
41.0
46.2
56.1
55.6
48.0
44.0
44.4
43.2
51.5
36.8
35.8
26.0
29.7
50.0
29.7
35.7
26.7
44.1
55.6
54.8
58.1
51.7
46.5
40.0
35.7
38.5
51.7
55.0
51.6
27.7
43.5
29.4
45.9
42.3
41.0
28.6
90.9
50.0
48.7
47.6
42.9
70.4
56.8
60.0
80.8
68.6
59.5
40.0
39.1
60.0
53.1
69.4
70.0
72.0
59.6
53.8
35.7
64.3
49.0
61.5
45.2
49.0
66.7
41.4
52.0
47.5
47.5
32.4
45.2
34.5
51.9
50.0
25.0
38.6
32.8
40.0
56.5
40.0
24.5
37.8
58.3
73.3
54.5
57.6
62.7
51.4
53.2
59.0
37.5
50.0
48.4
35.1
65.0
41.7
59.0
60.0
36.4
63.6
57.6
42.5
47.1
48.3
59.4
35.5
53.6
40.0
42.9
66.7
39.4
43.1
48.8
52.2
43.1
44.6
48.5
29.2
50.0
22.7
43.9
36.4
45.5
57.1
64.1
47.6
42.4
50.0
42.0
41.9
52.4
58.9
46.4
54.8
56.5
36.4
48.3
58.8
46.3
32.4
44.2
33.3
47.6
57.6
40.9
50.0
55.3
45.5
49.2
40.0
39.3
50.0
29.2
43.3
62.1
60.0
61.0
57.1
73.3
48.3
61.3
57.6
54.7
54.5
63.0
40.7
60.7
54.1
41.7
41.2
44.7
42.2
52.4
58.7
43.6
40.6
49.0
58.3
55.4
66.7
47.8
51.1
40.6
33.3
64.7
43.6
56.8
46.9
28.6
41.1
62.1
60.0
55.0
40.0
38.1
66.7
32.7
40.0
58.6
40.6
37.2
44.7
70.7
57.1
44.1
52.4
38.9
42.9
62.5
41.9
31.3
50.0
37.5
42.9
31.4
35.1
45.1
33.3
59.6
65.0
44.8
59.2
65.8
48.3
51.1
28.6
60.4
43.9
48.6
50.0
37.5
46.2
46.7
41.9
41.2
50.0
45.5
45.5
59.6
44.7
40.0
46.5
32.2
47.4
35.1
47.7
42.3
31.0
58.3
36.4
60.0
65.8
51.7
44.9
45.3
41.9
37.1
58.1
46.3
44.4
35.3
40.0
59.4
44.4
43.4
40.9
32.2
36.8
51.9
55.3
41.4
44.0
47.2
43.5
57.1
35.7
54.8
50.0
56.0
59.5
56.8
44.1
30.5
43.3
55.9
49.0
41.9
40.0
46.3
53.3
44.4
59.4
56.0
33.3
44.7
59.0
47.1
49.0
45.9
48.5
51.7
44.8
54.5
52.2
36.0
52.6
59.0
35.0
62.9
66.7
66.7
52.3
59.3
48.9
32.8
36.8
46.0
46.7
41.9
20.0
47.7
37.5
75.9
36.4
56.9
53.8
50.0
43.4
51.9
39.5
52.4
37.5
47.9
42.1
39.4
45.5
50.0
52.5
51.7
52.6
45.5
54.2
54.5
38.9
50.0
40.6
