44.1
80.0
60.0
64.3
67.5
66.7
65.1
62.5
45.7
73.8
78.8
86.2
65.5
52.9
61.1
83.3
46.9
38.9
71.9
62.5
56.1
65.0
58.3
63.0
58.3
63.3
61.9
52.0
75.0
65.8
58.7
58.8
62.5
46.9
64.7
58.5
59.5
65.4
55.1
52.5
61.5
39.5
48.1
68.4
42.3
46.9
54.5
52.2
59.3
48.8
45.0
57.6
57.9
68.8
61.8
61.1
69.1
57.1
63.9
55.0
64.5
58.6
48.0
55.6
68.3
66.0
72.0
76.6
64.9
50.0
69.7
67.7
66.7
71.7
58.3
69.0
62.2
63.9
82.4
68.8
57.9
63.6
63.6
78.8
53.5
52.3
46.7
64.7
52.1
75.0
52.9
48.3
41.5
65.2
60.0
76.7
47.2
62.2
64.3
57.8
51.1
47.1
52.8
55.2
59.5
45.9
54.8
48.3
58.9
47.8
54.5
57.9
66.0
60.7
58.6
43.8
71.4
54.2
63.2
44.4
47.6
68.1
77.3
70.0
54.1
59.5
42.9
61.1
69.4
65.1
64.9
64.5
53.5
47.6
64.4
102.3
88.9
69.6
80.8
68.6
110.7
93.5
58.3
52.4
59.1
64.1
55.6
58.7
67.5
47.2
33.3
58.1
51.5
56.5
67.4
67.9
39.5
58.1
57.7
69.7
60.5
59.5
65.5
59.6
58.1
42.1
68.0
68.4
63.8
64.3
70.0
79.2
53.6
44.1
48.6
64.7
53.2
43.9
58.1
53.8
56.8
44.2
65.7
61.0
76.3
128.6
81.5
90.7
65.2
67.6
60.0
75.4
58.3
68.0
86.5
62.2
55.6
66.7
50.0
61.8
64.4
52.9
57.1
58.8
45.8
50.0
78.7
121.1
59.6
60.0
66.7
66.7
60.8
58.5
57.5
56.1
63.6
48.6
56.7
72.7
38.5
47.6
63.3
68.8
61.7
58.8
54.8
81.0
66.7
48.0
61.0
61.7
68.8
54.1
64.0
52.0
59.3
41.7
66.7
56.3
67.5
64.3
61.9
61.0
65.9
65.5
60.0
56.0
50.0
51.4
48.4
54.8
60.0
51.9
61.1
64.0
58.6
75.6
61.8
57.6
58.3
47.5
59.0
69.0
55.9
51.1
69.7
62.9
66.0
40.5
50.0
55.2
52.6
65.4
66.7
71.0
64.0
43.2
52.1
46.2
64.7
61.3
71.4
76.2
58.8
46.3
52.6
60.5
56.1
65.4
76.3
64.6
56.9
61.3
59.5
63.3
70.0
61.0
62.1
74.5
66.7
71.0
57.4
61.5
54.1
67.7
53.2
57.6
51.1
48.6
52.4
52.9
61.0
51.3
73.1
62.5
59.5
63.6
48.5
77.4
63.9
54.1
73.3
64.5
57.8
56.0
59.6
51.4
64.7
62.9
61.3
74.1
62.5
66.7
65.4
66.7
50.8
48.3
69.0
61.5
52.3
51.5
47.7
62.5
54.1
63.2
57.1
62.2
51.1
47.2
57.6
38.9
50.0
32.4
58.1
51.6
61.7
52.0
59.4
52.6
61.1
43.8
56.3
40.9
75.9
65.9
78.3
69.0
56.1
54.8
66.7
53.1
78.3
61.9
57.1
88.0
59.1
57.4
52.4
62.1
64.0
38.7
63.6
73.9
68.4
62.8
40.7
89.7
70.3
68.8
53.2
60.0
57.1
60.7
47.4
48.4
51.4
50.0
55.0
50.0
51.9
60.4
66.7
57.1
57.5
47.9
79.4
73.9
87.5
60.9
69.2
67.7
68.1
41.7
51.4
63.2
62.5
50.0
65.9
53.6
65.7
54.3
54.8
63.9
57.9
53.2
71.8
64.0
65.2
54.3
53.8
46.4
62.5
64.3
57.1
58.1
64.3
65.5
47.6
36.8
51.5
53.6
50.0
59.2
64.6
56.7
50.0
72.2
52.0
52.0
77.3
78.6
54.3
55.8
57.4
68.0
58.3
51.6
59.5
71.4
58.8
48.4
58.5
48.7
51.7
54.1
66.7
55.6
60.7
36.6
61.8
63.3
50.0
51.1
57.5
57.1
56.5
28.9
60.0
63.2
61.9
73.7
50.0
51.1
57.4
40.5
44.4
62.1
59.0
64.4
75.0
66.7
61.1
54.8
51.7
65.5
51.4
55.9
60.9
41.2
66.7
68.0
53.8
60.9
51.4
59.6
65.2
63.3
58.3
45.7
53.3
41.2
60.0
58.1
65.9
73.0
63.0
47.5
50.0
54.1
61.8
66.7
64.0
55.2
58.0
47.4
52.3
58.7
64.7
50.0
50.0
42.4
54.5
56.0
47.5
42.1
77.3
59.3
73.0
58.1
53.3
71.8
70.6
59.4
58.0
66.7
71.4
47.1
43.9
52.4
71.4
67.6
63.6
63.9
54.2
61.1
58.2
56.4
58.8
48.3
55.1
55.6
59.4
63.6
50.0
39.1
75.8
67.9
68.6
60.0
93.5
50.0
75.9
68.2
90.0
55.6
80.8
91.7
69.2
56.3
74.5
70.7
66.7
60.9
62.8
65.0
68.8
54.8
57.1
48.8
66.1
58.6
44.4
66.0
66.7
48.5
70.5
45.5
60.0
46.2
88.6
71.4
64.7
61.1
56.4
52.0
65.4
69.7
77.8
72.7
52.0
50.0
53.3
60.0
78.6
72.2
60.5
61.4
48.8
74.1
44.8
53.1
69.6
52.9
58.3
60.9
61.4
66.7
57.5
53.7
61.9
59.5
75.0
66.0
54.5
58.8
44.2
46.7
68.5
53.6
76.5
60.0
72.7
75.0
64.6
50.0
36.0
59.3
41.7
58.5
76.5
56.9
48.9
53.7
47.2
68.8
35.1
51.5
61.8
55.2
44.2
71.1
75.9
62.1
58.3
44.1
60.6
39.1
61.1
70.7
68.9
69.6
61.8
69.4
75.0
71.4
57.1
67.6
63.2
56.5
47.3
51.2
65.6
54.5
62.9
63.9
58.6
54.3
51.4
43.9
56.1
44.8
49.0
48.4
59.5
57.1
50.0
62.2
59.5
62.3
50.0
30.0
53.1
63.8
46.4
55.8
41.7
59.4
62.5
40.6
56.3
73.7
73.1
56.7
62.8
65.5
71.4
64.7
54.3
73.0
69.4
69.2
58.8
75.9
51.0
62.5
71.0
58.8
67.2
62.8
58.8
61.5
73.7
56.7
71.7
80.6
66.7
56.5
57.9
58.7
76.3
70.6
53.1
59.0
57.4
70.8
55.2
68.8
92.3
83.3
65.6
54.2
50.0
54.7
59.3
71.0
62.2
56.3
66.7
72.4
60.3
65.4
60.7
66.7
58.6
60.6
51.4
60.6
54.2
43.2
65.4
57.1
43.2
51.5
60.6
60.0
65.0
74.0
53.6
51.5
53.3
62.2
58.3
57.9
55.4
61.3
69.6
44.0
64.5
47.5
50.0
57.5
45.6
34.4
59.4
60.0
53.1
60.0
63.6
59.6
59.4
55.6
51.2
58.5
56.1
63.0
52.0
50.0
68.2
62.2
51.3
57.4
73.7
51.0
52.9
51.4
53.8
60.0
58.3
48.8
68.3
52.3
69.7
59.3
69.7
66.7
65.6
35.7
52.4
44.0
51.3
64.3
48.4
51.9
75.0
45.0
47.4
58.6
63.2
83.3
59.4
52.1
58.6
91.2
54.1
63.6
60.0
53.8
59.3
56.8
47.6
62.5
42.9
50.0
58.1
64.3
70.8
50.0
51.4
46.7
65.9
37.8
56.3
64.7
64.9
55.9
53.7
60.0
62.9
50.9
76.0
81.3
64.4
65.3
63.6
76.7
55.9
48.3
48.4
70.0
62.3
70.6
72.0
65.8
50.0
65.9
47.2
56.3
51.9
54.3
54.3
53.1
45.5
41.3
66.7
64.3
64.7
58.5
57.1
64.7
66.7
50.0
53.2
47.2
50.0
52.7
48.8
84.0
54.8
41.9
57.9
66.7
62.7
60.0
75.0
48.0
61.3
59.5
74.4
56.8
55.6
56.3
65.9
65.0
67.9
59.1
62.5
57.5
59.6
53.3
62.5
56.0
70.0
54.1
70.3
63.6
65.0
75.0
58.3
73.3
51.9
60.6
60.9
57.1
66.7
39.3
73.1
68.6
48.9
58.8
48.3
54.2
65.6
53.2
72.2
62.0
73.0
61.5
57.8
55.9
67.7
62.5
72.4
67.7
76.7
45.9
66.7
45.8
62.2
58.3
85.0
62.5
63.2
58.5
73.6
63.9
66.7
56.1
64.7
65.8
57.7
65.0
62.2
66.7
57.6
68.2
54.8
60.6
56.4
45.2
52.9
64.3
49.2
56.8
52.0
50.0
45.1
59.0
75.0
57.8
51.7
66.7
90.5
38.1
56.9
35.7
63.2
50.0
60.4
48.7
56.7
80.0
50.0
37.8
53.8
70.0
60.3
50.0
54.8
58.8
53.5
58.1
51.7
40.7
47.1
60.0
56.8
48.5
67.6
61.8
61.8
62.1
50.8
59.3
68.6
70.0
69.0
58.1
60.7
56.3
57.1
47.2
69.7
62.1
55.8
65.8
64.7
59.1
63.3
75.0
42.9
73.5
63.9
49.0
83.3
82.4
56.7
57.4
60.7
57.4
78.4
45.9
77.1
62.5
60.3
70.0
81.0
54.0
63.6
63.4
57.9
71.4
57.1
48.8
58.3
71.4
54.1
54.8
69.1
64.7
62.1
58.8
73.8
55.9
47.1
57.6
75.0
64.7
52.7
77.8
66.7
51.6
66.7
46.7
64.3
48.4
47.5
54.5
68.0
78.6
58.3
41.7
71.8
59.3
62.5
63.2
109.5
70.8
80.0
78.1
64.3
65.5
64.6
50.0
60.6
61.3
57.6
66.7
61.3
54.5
42.1
56.6
70.7
71.1
70.8
47.4
53.1
63.5
66.7
66.7
61.8
68.4
66.7
73.7
59.6
71.4
61.8
62.1
53.2
56.8
69.2
53.7
57.4
64.7
51.6
87.0
53.8
64.3
59.1
57.1
83.0
60.0
45.2
58.5
53.7
44.0
52.2
44.2
61.1
55.9
61.8
68.0
48.8
79.3
40.6
52.1
56.7
54.3
48.8
35.5
69.2
51.7
50.0
55.6
76.4
56.8
36.1
54.3
54.8
58.6
70.4
61.0
52.6
44.8
55.3
56.1
56.8
46.5
53.7
60.0
54.0
59.6
50.0
52.2
75.0
47.6
42.1
52.9
45.2
55.9
52.9
70.0
46.4
56.3
69.0
54.3
61.9
53.8
44.4
70.8
79.3
54.5
46.7
50.0
59.5
51.5
58.3
54.5
61.5
60.0
53.1
47.6
64.6
60.0
64.6
63.3
65.5
66.7
60.0
57.6
50.0
61.5
63.0
58.3
84.6
71.0
60.0
62.5
67.2
63.2
72.5
52.0
71.8
62.5
65.4
67.6
93.5
78.3
67.2
41.9
58.8
52.0
56.7
65.9
47.3
68.8
35.0
57.6
47.7
54.2
54.8
54.7
54.5
63.6
64.8
46.9
72.7
57.7
56.4
50.0
41.2
42.9
53.3
38.7
65.6
43.5
58.1
66.7
46.6
59.1
55.7
51.4
65.4
70.6
52.5
62.9
66.7
90.0
69.4
55.9
78.1
49.0
91.3
60.5
55.4
73.7
54.1
59.0
72.4
66.7
59.5
50.0
60.0
59.7
59.5
38.9
68.9
60.6
57.1
50.0
54.3
58.2
61.8
52.5
52.6
50.8
71.8
61.3
50.9
64.5
56.7
60.0
65.2
60.0
64.3
61.9
52.9
56.0
60.6
55.2
54.1
60.7
40.0
56.4
72.2
64.0
65.6
57.6
60.6
60.0
46.3
64.4
69.7
58.0
58.3
59.3
50.0
51.7
52.0
40.6
51.9
76.0
71.4
67.7
60.9
61.5
73.1
71.1
54.8
68.2
58.8
61.7
59.4
56.3
66.7
71.8
74.1
80.0
62.7
63.5
61.1
63.6
77.8
87.1
67.9
50.0
64.9
70.8
66.7
66.7
64.0
62.1
65.0
40.9
61.9
42.3
61.1
54.1
69.2
52.9
47.0
56.5
48.6
73.9
48.8
66.7
67.9
54.5
62.5
52.4
48.4
51.1
81.8
70.5
66.7
44.2
52.9
84.2
47.2
58.8
57.5
59.2
68.1
48.6
56.6
44.4
59.4
72.9
63.0
51.6
63.3
48.6
62.7
41.7
59.7
53.6
55.3
53.1
57.5
51.2
55.6
82.8
42.3
71.4
65.0
79.4
65.4
78.6
59.3
54.1
56.5
52.3
55.6
69.0
48.7
39.4
70.0
76.9
66.7
68.4
53.6
48.9
57.1
47.4
57.6
41.2
48.0
48.6
60.0
62.5
64.1
66.7
46.3
47.4
73.3
67.6
63.9
47.9
64.1
42.3
69.2
53.6
45.2
56.0
73.8
51.2
59.3
60.0
42.9
67.6
69.7
72.5
50.9
57.5
54.1
51.6
45.0
66.7
51.4
65.5
67.6
56.3
52.4
68.8
58.6
56.7
63.5
70.4
38.1
70.4
44.4
50.0
75.9
88.9
71.0
45.9
75.8
69.0
75.0
81.5
45.5
66.7
39.5
66.7
53.6
60.9
52.9
51.3
70.6
55.0
78.4
88.9
88.2
57.8
68.8
60.6
59.6
54.3
62.5
66.7
52.0
61.7
58.3
48.5
52.9
47.5
55.6
54.5
50.0
46.3
67.6
40.5
77.4
60.9
60.5
58.6
84.4
70.6
58.3
61.1
66.1
55.6
71.4
70.4
56.0
78.4
72.7
50.0
70.6
54.7
64.7
50.9
43.9
48.4
53.3
55.6
73.7
54.5
63.6
51.6
57.5
65.8
46.7
45.3
58.2
85.7
45.5
60.8
44.2
83.9
43.8
46.9
61.5
65.0
63.6
39.4
67.7
66.7
64.3
60.0
68.5
66.7
64.0
46.7
56.1
64.9
53.3
54.0
75.0
64.9
57.9
52.2
65.7
57.7
75.0
60.0
56.9
58.3
89.5
63.3
66.7
73.5
83.8
64.6
40.6
50.0
56.8
60.0
55.6
40.5
57.5
53.5
58.1
64.2
74.5
65.4
47.5
56.7
50.0
61.0
43.8
56.3
88.7
68.5
79.2
69.4
55.3
42.9
81.4
85.0
65.1
63.9
61.9
75.0
67.5
69.0
52.8
81.0
59.4
58.1
53.2
58.8
40.0
42.4
76.5
53.7
72.4
67.4
71.4
68.2
65.3
52.8
66.7
78.4
39.1
66.7
62.5
46.0
43.9
48.9
56.4
47.2
57.6
63.0
52.4
55.9
57.1
58.1
35.3
57.9
60.4
68.8
60.6
71.1
56.0
65.4
65.7
51.5
56.7
38.7
48.6
50.0
58.8
66.7
45.0
60.4
59.6
48.6
77.4
58.1
55.8
76.9
72.0
66.7
48.7
52.2
64.9
70.6
60.5
44.0
67.7
100.0
66.7
66.7
67.6
53.3
61.2
71.0
60.0
56.1
60.7
41.4
57.1
50.0
62.5
48.3
50.0
52.8
63.0
45.2
57.5
39.3
67.5
60.4
65.6
63.3
57.6
50.0
50.0
58.2
55.6
54.8
50.0
61.7
62.7
44.0
56.8
60.5
53.6
57.6
70.5
47.1
61.0
59.5
72.7
56.5
58.6
60.0
55.8
80.0
58.7
63.2
80.0
64.5
50.0
52.8
60.0
60.3
58.8
57.8
63.6
58.8
58.3
65.8
50.0
73.3
65.2
25.8
57.5
62.2
52.2
62.7
44.6
47.8
70.8
59.6
34.5
47.2
55.8
50.0
43.9
65.0
61.3
62.5
46.9
54.3
52.2
57.5
61.5
73.7
64.3
78.0
83.3
84.6
60.4
61.8
60.3
66.7
63.8
48.1
45.5
49.0
72.0
58.3
42.9
51.7
56.1
55.8
52.9
60.7
61.2
53.3
56.8
53.8
79.6
59.0
56.0
46.2
58.6
45.9
68.6
64.2
55.0
69.8
62.5
30.0
61.7
58.5
52.0
55.6
71.7
59.5
60.5
53.2
65.0
40.0
54.8
50.0
69.7
66.7
60.0
63.9
52.4
65.1
35.9
66.7
59.7
62.2
57.1
59.6
75.0
49.1
64.9
57.6
63.6
85.7
59.3
61.8
77.8
68.8
58.8
92.3
64.9
57.6
61.9
72.4
61.1
50.0
56.8
63.2
56.7
73.8
73.0
55.2
67.4
45.5
59.1
55.0
66.7
53.1
54.5
58.3
57.5
43.9
50.8
69.6
54.3
77.1
64.5
71.4
54.8
77.4
47.0
65.7
64.1
48.3
50.0
76.9
55.9
46.4
51.4
66.7
52.8
56.3
41.7
57.8
74.4
34.1
61.8
64.5
48.9
47.2
62.5
65.6
50.0
56.0
59.6
58.6
48.6
48.7
51.5
59.5
48.1
63.2
84.0
100.0
100.0
69.2
58.9
69.0
82.9
106.9
53.4
56.7
50.0
57.1
64.0
52.0
66.7
52.6
50.0
50.0
50.0
54.5
45.0
63.0
56.3
46.7
52.9
52.9
55.6
44.4
65.2
52.0
50.0
40.0
62.3
66.7
64.5
75.9
70.5
80.5
68.3
77.4
69.4
67.5
53.1
61.9
65.0
65.8
50.0
57.5
55.4
69.0
64.9
59.0
71.0
63.3
72.1
61.5
57.1
56.3
61.7
65.9
62.2
63.6
65.9
53.2
46.9
58.1
55.3
48.3
59.5
72.2
61.7
64.0
60.0
60.5
55.9
60.5
84.0
48.8
59.5
56.8
49.2
63.6
65.9
55.9
65.2
66.7
62.5
62.5
55.6
57.4
69.1
59.0
79.3
67.9
63.9
55.8
61.8
45.0
59.4
43.8
75.0
57.4
59.5
45.8
61.2
81.8
52.5
57.7
53.7
84.6
66.7
58.6
69.0
66.7
60.0
59.2
37.9
48.6
58.5
48.4
55.9
42.4
50.0
58.0
60.7
56.7
50.0
50.0
58.6
54.8
63.6
61.1
65.0
52.0
64.7
64.1
53.3
57.9
65.4
50.0
39.0
63.3
67.3
46.4
60.0
75.0
66.7
46.2
71.8
68.3
68.0
61.8
57.1
72.6
64.1
50.0
61.3
71.0
58.7
61.5
53.6
58.3
63.3
57.8
65.7
67.3
59.5
58.3
76.0
86.5
75.0
56.9
50.0
64.3
57.4
48.4
66.7
74.4
51.6
104.3
74.1
76.7
63.0
65.7
68.3
76.9
67.7
52.3
58.1
67.3
81.6
36.1
65.6
42.6
47.2
55.6
60.0
41.7
57.9
51.2
47.6
56.3
54.5
64.9
58.6
68.0
63.6
61.0
67.7
50.0
48.9
80.9
64.3
61.3
79.3
60.6
43.1
66.7
44.6
49.0
63.6
65.3
67.5
48.8
41.2
73.6
50.8
54.0
100.0
56.0
66.7
45.5
62.9
55.0
65.6
55.8
62.5
48.3
62.5
50.0
48.3
50.9
55.9
75.0
59.5
55.9
64.3
66.7
77.3
125.0
68.3
75.0
57.5
67.2
58.8
41.9
50.0
50.0
59.5
53.6
52.9
42.9
55.2
62.9
49.2
51.3
64.9
72.2
64.0
56.0
48.1
32.4
66.7
52.6
43.4
38.0
56.8
64.8
67.6
53.6
53.3
64.7
57.1
77.4
61.3
63.3
55.8
52.0
42.9
53.8
74.1
62.5
67.7
49.2
54.3
58.8
59.0
57.7
55.7
53.1
54.5
66.0
59.0
54.8
57.1
90.7
56.8
68.0
73.1
84.3
59.5
51.4
43.8
63.3
59.4
67.3
70.0
68.0
61.7
56.4
53.6
57.1
63.3
69.2
52.4
61.2
75.0
58.6
48.0
62.5
62.7
44.1
58.1
62.1
55.6
60.0
60.0
54.4
55.7
74.3
65.2
55.0
55.1
73.0
58.3
100.0
70.5
63.6
60.8
62.2
51.1
66.7
56.3
67.4
50.0
64.9
105.0
45.8
69.2
65.0
69.7
76.4
61.0
57.5
64.7
89.7
65.6
74.2
66.7
30.0
75.0
56.7
51.5
46.2
61.0
58.7
47.7
53.8
60.6
50.0
46.2
31.8
53.7
42.4
63.6
65.7
66.7
61.9
60.6
53.3
66.0
58.1
66.7
69.6
53.6
66.7
60.9
68.2
62.1
52.9
56.1
47.1
61.5
66.7
45.2
60.6
47.7
50.0
63.8
50.0
52.5
42.5
64.3
64.3
58.3
53.3
58.6
60.0
67.8
60.0
86.7
69.0
51.6
66.7
54.7
40.9
55.6
55.6
60.7
54.1
52.1
50.0
71.1
46.9
52.4
69.6
71.8
75.0
70.6
58.3
73.8
76.2
91.3
66.0
71.9
66.7
98.0
46.2
64.9
59.4
50.0
48.2
58.6
53.3
57.5
40.0
57.1
48.1
54.5
50.0
69.0
56.3
58.1
65.8
72.4
73.8
73.5
47.6
66.7
52.4
65.0
74.2
58.3
55.0
53.1
62.9
65.7
59.5
47.1
44.4
67.3
65.0
58.6
79.6
81.6
55.2
87.2
42.9
60.4
58.5
59.5
56.7
55.0
69.2
66.7
54.8
67.6
60.7
67.3
60.6
53.2
57.9
80.0
48.8
47.5
57.9
59.5
59.1
61.5
55.2
52.8
36.4
68.0
57.9
65.5
61.2
54.7
55.8
62.9
54.8
46.3
38.9
41.2
56.7
65.6
58.3
43.4
54.5
47.5
63.2
55.6
57.9
69.0
64.0
61.1
52.2
64.3
57.1
57.1
95.5
80.0
69.0
61.4
61.8
55.9
53.3
61.8
56.9
38.7
62.9
58.5
36.7
55.6
59.4
52.0
46.7
52.6
64.1
47.1
59.2
59.5
54.5
53.3
60.3
60.6
52.2
44.0
55.3
71.8
40.0
60.0
58.3
62.5
68.2
66.7
60.0
54.7
94.7
56.0
73.3
58.1
46.7
59.1
45.8
79.3
63.6
68.6
61.5
65.6
73.6
59.3
60.5
54.0
58.3
66.7
45.6
45.5
63.6
54.2
62.5
51.7
73.7
65.9
64.6
42.4
47.2
60.0
43.8
