52.9
80.0
84.0
59.5
57.5
66.7
71.4
65.6
65.2
78.6
66.7
51.7
72.4
44.1
55.6
56.7
49.0
44.4
53.1
43.8
46.3
60.0
61.1
66.7
66.7
63.3
71.4
54.0
50.0
63.2
47.6
76.5
60.4
67.3
55.9
62.3
54.1
46.2
43.5
57.5
76.9
32.6
44.4
54.4
38.5
43.8
66.7
52.2
40.7
68.3
65.0
59.1
50.0
40.6
52.7
58.3
58.2
71.4
61.1
50.0
54.8
62.1
64.0
55.6
63.4
75.5
76.0
85.1
62.2
61.8
69.7
77.4
64.1
78.3
66.7
67.2
60.0
63.9
90.2
93.8
84.2
50.0
50.0
75.8
69.8
50.0
60.0
73.5
52.1
75.0
58.8
71.7
51.2
54.3
50.0
66.7
52.8
59.5
46.4
57.8
55.3
50.0
62.3
65.5
54.1
51.4
54.8
34.5
51.8
47.8
54.5
57.9
66.0
71.4
65.5
50.0
57.1
45.8
49.1
38.9
33.3
53.2
52.3
46.7
37.8
45.2
47.6
61.1
58.3
58.1
54.1
56.5
55.8
54.8
74.6
60.5
75.0
52.2
61.5
54.3
82.1
80.6
70.0
57.1
59.1
69.2
47.2
60.9
67.5
54.7
42.4
48.4
39.4
41.3
60.5
57.1
39.5
46.5
50.0
45.5
52.6
51.4
55.2
51.1
65.1
47.4
62.0
54.4
50.0
78.6
65.0
66.7
35.7
47.1
42.9
64.7
50.0
53.7
61.3
73.1
54.1
34.9
65.7
67.8
57.6
100.0
77.8
74.4
60.9
70.6
76.7
68.9
66.7
72.0
67.6
83.8
40.7
54.5
61.1
50.9
52.5
55.9
44.9
55.9
31.3
61.1
72.3
94.7
61.4
60.0
76.2
54.2
62.7
51.2
55.0
43.9
59.1
43.2
50.0
68.2
50.0
38.1
61.2
68.8
59.6
55.9
57.1
76.2
53.8
40.0
44.1
60.0
53.1
59.5
48.0
48.0
55.6
58.3
64.1
68.8
72.5
78.6
66.7
78.0
61.0
79.3
50.9
60.0
55.0
65.7
51.6
61.3
60.0
33.3
58.3
70.0
75.9
48.9
61.8
63.6
58.3
55.0
56.4
51.7
59.3
48.9
66.7
42.9
53.2
59.5
62.5
56.9
52.6
53.8
81.0
83.9
52.0
54.1
47.9
61.5
66.7
54.8
85.7
76.2
49.0
46.3
42.1
58.1
57.6
65.4
71.1
64.6
64.7
67.7
67.6
80.0
83.3
65.9
69.0
87.3
70.8
74.2
70.5
59.0
67.6
54.8
53.2
39.4
44.4
48.6
39.7
58.8
51.2
61.5
38.5
68.8
40.5
45.5
63.6
48.4
63.9
83.8
93.3
38.7
64.4
48.0
56.1
48.6
64.7
68.6
45.2
59.3
84.4
60.0
42.3
52.8
55.4
58.6
65.5
71.8
72.7
51.5
54.5
59.4
54.1
65.8
57.1
51.1
64.4
47.2
66.7
50.0
53.6
35.3
58.1
45.2
55.3
40.0
50.0
55.3
44.4
40.6
50.0
59.1
55.2
65.9
69.6
72.4
73.2
58.1
60.6
65.3
60.9
59.5
57.1
84.0
54.5
61.1
57.1
44.8
52.0
41.9
56.1
56.5
78.9
51.2
37.0
96.6
67.6
56.3
59.7
61.7
61.9
57.1
71.1
61.3
68.6
47.1
45.0
50.0
51.9
54.7
70.4
77.1
67.5
60.4
52.9
30.4
72.5
69.6
51.3
80.6
44.7
33.3
65.7
57.9
66.1
56.3
65.9
60.7
57.1
60.0
59.7
61.1
52.6
61.7
71.8
74.0
71.7
62.9
48.7
39.3
41.1
53.6
40.5
48.8
40.5
51.7
61.9
44.7
54.5
39.3
50.0
44.9
52.1
36.7
57.1
66.7
72.0
46.0
77.3
42.9
54.3
60.5
60.7
72.0
71.7
67.7
48.6
61.9
58.8
38.7
56.6
30.8
56.9
62.2
57.6
55.6
53.6
43.9
76.5
70.0
50.0
42.6
57.5
55.1
52.2
50.0
52.0
52.6
50.0
57.9
67.9
55.6
53.2
56.8
48.1
55.2
55.7
60.0
72.7
46.7
44.4
59.5
70.0
65.5
56.8
76.5
73.9
56.9
47.2
66.0
46.2
52.2
70.3
59.6
56.5
55.1
55.6
48.6
62.2
58.8
58.2
61.3
65.9
64.9
55.6
65.0
61.1
59.5
69.1
83.3
80.0
58.6
56.0
57.9
46.2
60.9
64.7
50.0
46.7
42.4
47.7
52.0
42.6
63.2
72.7
51.9
64.9
41.9
50.0
51.3
55.9
59.4
48.0
56.7
76.2
52.9
53.7
64.3
50.0
70.6
69.7
63.9
75.0
66.7
58.2
59.0
52.9
41.7
61.2
38.9
53.1
59.1
43.3
52.2
72.7
67.9
54.9
66.7
87.1
83.3
82.8
75.0
85.0
83.3
80.8
83.3
73.1
100.0
68.1
80.5
51.3
47.8
72.1
52.5
62.5
42.9
57.1
34.9
50.0
62.1
55.6
59.6
56.4
63.6
56.8
36.4
70.0
73.1
65.7
54.3
76.5
52.8
70.9
60.0
55.8
54.5
57.4
59.1
52.0
41.2
63.3
60.0
57.1
55.6
57.9
68.2
58.5
51.9
58.6
59.2
56.5
64.7
60.0
47.8
47.7
63.6
47.5
48.8
76.2
64.9
59.4
63.8
52.3
61.8
48.8
53.3
61.1
71.4
70.6
55.0
63.6
71.4
64.6
63.3
32.0
59.3
44.4
53.7
61.8
53.4
51.1
58.5
27.8
62.5
29.7
66.7
55.9
55.2
46.5
55.6
50.0
62.1
50.0
35.3
66.7
56.5
58.3
61.0
75.4
62.5
58.8
61.1
54.2
71.4
55.1
51.4
52.6
52.2
58.2
60.5
59.4
66.7
48.6
55.6
67.2
54.3
48.6
57.9
56.1
65.5
38.8
51.6
38.1
64.3
79.2
51.4
69.0
60.4
34.4
36.7
50.0
55.2
53.6
61.5
61.1
68.8
56.3
56.3
56.3
68.4
57.7
63.3
67.4
56.4
77.1
45.1
48.6
48.6
83.3
71.8
52.9
65.5
53.1
65.6
61.3
61.8
52.5
65.1
47.1
60.0
52.6
66.7
58.5
96.8
77.8
67.4
68.4
73.0
50.0
67.6
57.8
71.8
70.4
54.2
72.4
81.3
61.5
72.2
62.5
33.3
43.9
52.8
44.4
74.2
59.5
33.3
63.0
82.8
56.9
65.4
46.4
50.0
69.0
66.7
54.1
54.5
54.2
43.2
38.5
50.0
29.7
45.5
48.5
60.0
63.3
66.0
53.6
75.8
73.3
59.5
66.7
52.6
66.1
58.1
39.1
36.0
48.4
57.5
59.4
55.0
38.6
43.8
53.1
65.0
71.9
65.0
54.5
54.4
62.5
59.3
46.5
65.9
46.3
66.7
44.0
44.7
59.1
51.4
48.7
61.7
57.9
39.2
58.8
54.1
53.8
55.0
66.7
51.2
53.7
38.6
60.6
51.9
62.1
59.3
75.0
42.9
71.4
56.0
51.3
57.1
54.8
59.6
50.0
42.5
50.0
58.6
63.2
61.1
43.8
54.2
65.5
91.2
73.0
59.1
46.7
53.8
61.0
59.1
57.1
54.2
50.0
41.2
62.8
28.6
45.8
35.7
21.6
35.6
65.9
37.8
68.8
76.5
62.2
61.8
61.0
54.5
74.3
47.2
80.0
93.8
64.4
73.5
68.2
69.8
64.7
62.1
60.9
80.0
65.2
67.6
64.0
71.1
52.2
61.0
52.8
54.2
55.6
39.1
41.3
46.9
54.5
41.3
64.7
71.4
64.7
64.2
54.8
72.5
72.9
76.7
51.1
44.4
62.5
43.6
41.5
68.0
41.9
71.0
56.1
57.6
67.8
56.7
70.8
32.0
61.3
59.5
56.4
56.8
33.3
40.6
79.5
62.5
53.6
68.2
59.4
45.0
59.6
56.7
54.2
56.0
66.7
67.6
59.5
48.5
60.0
72.5
47.2
73.3
75.0
63.6
59.4
75.0
73.8
64.3
50.0
65.7
73.3
52.9
53.4
58.3
81.3
42.6
55.6
52.0
59.5
61.5
51.6
50.0
54.8
68.8
58.6
71.0
73.3
59.5
71.7
52.5
56.8
63.9
45.0
58.3
68.4
56.1
60.4
47.2
48.9
48.8
55.9
63.2
76.9
55.0
55.6
66.7
39.4
56.8
61.3
54.5
59.0
54.8
35.3
46.4
57.6
56.8
56.0
50.0
54.9
59.0
59.4
50.0
58.6
66.7
61.9
47.6
49.0
42.9
81.6
55.8
60.4
41.0
53.3
72.0
44.4
51.1
38.5
110.0
55.6
66.7
50.0
38.2
44.2
55.8
53.3
77.8
58.8
49.1
59.5
60.6
67.6
52.9
64.7
60.3
52.5
63.0
74.3
65.0
69.0
64.5
64.3
52.1
57.1
55.6
63.6
51.7
60.5
68.4
76.5
59.1
63.3
67.9
64.3
59.2
52.8
56.9
73.3
73.5
70.0
57.4
57.1
55.6
78.4
62.2
74.3
50.0
70.7
56.7
90.5
62.0
53.0
63.4
39.5
51.4
61.9
56.1
41.7
85.7
59.5
54.8
72.7
70.6
55.2
50.0
66.7
44.1
35.3
72.7
80.0
88.2
43.6
68.9
59.0
71.0
62.5
33.3
57.1
45.2
42.5
52.3
48.0
64.3
44.4
52.8
66.7
45.8
57.1
52.6
57.1
62.5
44.0
53.1
53.6
76.4
70.8
57.1
51.5
77.4
60.6
51.5
64.5
63.6
39.5
60.4
58.5
75.6
62.5
47.4
68.8
54.0
57.6
53.8
52.9
57.9
81.5
84.2
59.6
52.4
67.6
58.6
87.2
62.2
65.4
56.1
47.5
47.1
48.4
65.2
61.5
50.0
50.0
62.9
63.8
72.0
61.3
61.0
48.8
32.0
56.5
46.5
41.7
73.5
44.1
50.0
39.5
31.0
59.4
47.9
60.0
45.7
46.3
48.4
59.0
37.9
47.1
58.3
69.1
67.6
34.7
62.9
54.8
62.1
55.6
65.9
44.7
58.6
57.9
43.9
51.4
39.5
48.8
37.8
54.0
52.6
45.0
47.8
66.7
38.1
47.4
47.1
45.2
57.6
50.0
54.0
42.9
78.1
58.6
51.4
69.0
84.6
51.9
64.6
62.1
66.7
66.7
50.0
61.9
69.7
75.0
54.5
69.2
57.1
59.2
54.8
66.7
60.0
62.5
56.7
31.0
52.8
48.9
48.5
46.0
57.7
74.1
66.7
69.2
58.1
60.0
56.3
60.7
78.9
75.0
88.0
64.1
60.0
65.4
52.9
90.3
91.3
70.7
41.9
52.9
56.0
50.0
63.4
58.2
93.8
40.0
54.5
56.8
45.8
47.6
58.5
54.5
63.6
46.3
53.1
109.1
53.8
51.3
57.1
35.3
47.6
40.0
35.5
46.9
56.5
54.8
48.7
50.0
86.4
54.1
45.9
57.7
73.5
52.5
48.6
58.3
50.0
53.2
44.1
53.1
61.2
56.5
39.5
51.4
52.6
59.5
69.2
82.8
59.3
54.1
61.4
68.0
56.7
43.2
33.3
71.1
57.6
60.0
58.3
74.3
67.3
67.6
50.0
57.9
59.3
56.4
58.1
56.4
58.1
46.7
57.1
63.0
47.5
39.3
66.7
52.9
60.0
47.0
55.2
45.9
42.9
43.3
56.4
61.1
40.0
49.2
72.7
69.7
64.6
43.9
62.2
63.6
54.0
77.8
51.9
61.9
62.1
44.0
50.0
70.4
84.0
71.4
54.8
80.4
48.7
65.4
57.9
31.0
61.4
64.7
50.0
40.6
56.3
54.2
59.0
77.8
80.0
67.8
75.0
66.7
52.3
69.4
64.5
64.3
66.7
59.5
70.8
66.7
59.5
68.0
51.7
51.7
45.5
46.0
53.8
52.8
54.1
50.0
50.0
45.5
56.5
48.6
63.0
48.8
72.7
50.9
45.5
50.0
57.1
41.9
55.3
118.2
72.7
64.1
55.8
64.7
89.5
50.0
41.2
57.5
57.1
55.3
40.0
49.1
61.1
87.5
70.8
74.1
45.2
83.3
60.0
47.5
75.0
59.7
57.1
52.6
50.0
62.5
65.9
51.9
65.5
65.4
95.2
58.3
58.8
61.5
60.7
49.2
64.9
65.2
43.2
85.2
72.4
53.8
69.7
66.7
88.5
87.9
60.5
57.1
62.2
49.0
50.0
62.7
58.8
52.0
48.6
60.0
57.5
38.5
56.4
46.3
57.9
73.3
51.4
30.6
43.8
59.0
34.6
53.8
51.8
71.0
60.0
57.1
43.9
48.1
45.7
45.7
44.1
60.6
62.7
50.9
55.0
43.2
35.5
45.0
42.9
68.6
69.0
52.9
60.9
52.4
64.6
43.1
56.7
71.2
59.3
47.6
51.9
41.7
46.7
62.1
74.1
76.8
51.4
66.7
62.1
58.3
74.1
45.5
55.0
34.2
56.4
53.6
43.5
45.1
38.5
35.3
45.0
62.2
51.9
61.8
66.7
68.8
57.6
57.4
48.6
53.1
66.7
40.0
53.2
58.3
45.5
47.1
37.3
44.4
54.5
50.0
59.3
54.1
56.8
58.5
69.6
76.3
58.6
81.3
64.7
70.8
61.1
57.6
50.0
71.4
92.6
60.0
54.1
59.1
46.9
76.5
66.0
61.8
52.6
46.3
61.3
46.7
63.0
68.4
59.1
65.5
48.4
37.5
76.3
57.8
39.6
44.8
85.7
42.4
47.1
32.6
71.0
50.0
59.2
44.2
65.0
66.7
42.4
58.1
76.2
42.9
55.0
70.4
57.1
52.0
56.7
56.1
59.5
55.6
44.0
75.0
57.9
44.7
63.0
62.9
57.7
72.2
68.0
64.7
52.8
52.6
44.9
45.5
76.5
48.6
52.1
39.1
50.0
54.5
40.0
52.8
23.8
52.5
39.5
51.6
62.3
50.9
50.0
57.5
40.0
66.7
51.2
52.1
56.3
62.3
51.9
62.5
61.2
73.7
45.7
67.8
95.0
48.8
58.3
90.5
70.8
72.5
54.8
58.5
81.0
40.6
61.3
40.4
52.9
46.7
39.4
67.6
68.3
69.0
71.7
81.0
63.6
63.3
63.9
40.7
58.8
65.2
50.0
56.3
54.0
58.5
53.3
66.7
47.2
61.0
63.0
61.9
50.0
45.2
60.5
52.9
52.6
54.7
75.0
42.4
52.6
64.0
57.7
65.7
48.5
51.7
45.2
68.6
50.0
55.9
64.1
45.0
60.4
54.4
59.5
61.3
58.1
53.5
66.7
60.0
63.3
56.4
65.2
73.0
58.8
57.9
56.0
71.0
100.0
51.3
70.4
67.6
84.4
71.4
61.3
77.1
51.2
57.4
58.6
48.6
50.0
65.6
65.5
51.5
41.7
63.0
45.2
57.5
53.6
75.0
39.6
68.8
76.7
90.9
54.5
42.9
65.5
55.6
51.6
57.7
57.4
59.3
52.0
51.4
50.0
53.6
66.7
59.0
44.1
62.7
64.9
66.7
69.6
55.2
64.0
59.6
60.0
57.1
55.3
72.0
58.1
45.2
55.6
40.0
58.7
58.8
53.3
60.6
67.6
58.3
57.9
55.6
66.7
58.7
48.4
47.5
70.3
60.9
45.1
55.4
56.5
66.7
57.7
41.4
58.3
58.1
62.5
56.1
45.0
48.4
46.4
40.6
54.3
65.2
45.0
59.0
92.1
67.9
68.3
80.0
92.3
56.3
52.9
58.6
46.7
70.7
44.4
57.6
33.3
60.0
50.0
92.9
53.4
56.1
62.8
52.9
64.3
59.2
50.0
45.9
61.5
61.1
87.2
48.0
57.7
44.8
54.1
51.0
60.4
55.0
55.8
57.5
40.0
61.7
53.7
36.0
52.8
60.9
45.9
34.2
55.3
50.0
45.5
53.2
55.6
54.5
55.6
65.0
75.0
54.8
58.1
43.6
53.3
58.1
62.2
48.6
66.0
67.5
43.6
73.7
55.9
65.5
76.2
55.6
70.6
81.5
84.4
55.9
73.1
54.4
48.5
66.7
48.3
44.4
47.1
43.2
68.4
51.7
61.9
48.6
55.2
52.2
36.4
47.7
63.3
88.9
63.3
109.1
66.7
67.5
43.9
55.7
51.8
42.9
51.4
58.1
64.3
51.6
51.6
62.1
57.1
79.5
34.5
47.5
88.5
44.1
53.6
45.9
51.5
58.3
56.3
75.0
64.4
66.7
63.4
52.9
51.6
48.9
63.9
53.1
65.6
45.8
76.0
57.7
60.3
42.9
53.8
51.5
51.4
48.1
31.6
94.0
70.6
90.9
76.9
67.9
66.7
37.1
75.9
62.1
60.0
82.1
60.0
76.0
56.0
55.6
60.5
57.1
59.1
58.8
57.6
50.0
70.4
50.0
53.3
38.2
44.1
47.6
42.2
43.5
56.0
53.6
51.4
67.2
80.6
67.7
75.9
45.5
73.2
63.4
71.0
64.5
80.0
75.0
64.3
65.0
60.5
67.4
55.0
46.2
61.9
56.8
35.9
58.1
63.3
65.1
64.1
71.4
75.0
61.7
79.5
57.8
57.6
56.8
51.1
53.1
48.4
57.9
62.1
59.5
66.7
55.3
64.0
42.9
60.5
79.4
47.4
60.0
48.8
59.5
40.5
50.8
50.0
70.5
58.8
60.9
52.4
52.1
42.5
52.8
47.5
54.5
48.7
79.3
60.7
47.2
48.8
50.0
45.0
53.1
47.9
58.3
44.4
37.8
62.5
58.2
75.8
67.5
73.1
61.0
76.9
51.5
69.0
65.5
55.6
74.3
65.3
65.5
65.7
58.5
51.6
58.8
42.4
47.1
36.0
64.3
53.3
67.9
41.7
56.9
67.7
63.6
63.9
70.0
68.0
70.6
71.8
40.0
68.4
44.2
44.2
48.8
51.0
46.9
50.0
56.7
61.1
63.6
69.2
71.8
61.0
52.0
47.1
57.1
54.8
50.0
69.4
61.3
67.7
71.7
65.4
53.6
66.7
63.3
62.2
60.0
71.2
75.7
50.0
48.0
76.9
71.9
60.8
50.0
78.6
61.7
51.6
66.7
72.1
50.0
104.3
81.5
79.1
69.6
65.7
46.7
65.4
64.5
65.9
48.4
70.9
60.5
66.7
59.4
42.6
50.0
50.0
65.0
75.0
57.9
43.9
57.1
53.1
57.6
48.6
58.6
64.0
75.8
58.5
64.6
40.6
53.3
78.7
67.9
58.1
79.3
60.6
44.8
57.1
60.7
42.9
81.8
44.9
70.0
36.6
58.8
62.3
54.1
58.0
63.6
48.0
71.8
40.9
60.0
55.0
56.3
61.5
50.0
44.8
35.4
46.9
44.8
35.1
57.6
60.7
50.0
47.1
47.6
62.2
56.1
87.5
68.3
69.4
45.0
62.1
52.9
29.0
53.6
57.7
48.6
46.4
55.9
32.1
51.7
51.4
44.3
59.0
77.2
80.6
68.0
52.0
55.6
51.4
48.5
57.9
37.7
44.0
37.8
57.4
59.5
42.9
40.0
58.8
58.7
54.8
64.5
53.3
46.5
68.0
50.0
61.5
69.0
50.0
51.6
36.9
41.3
44.1
47.5
50.0
44.3
46.9
118.2
62.0
61.5
64.3
66.7
79.6
64.9
70.0
84.6
78.4
75.7
51.4
46.9
66.7
59.4
69.4
75.0
76.0
57.4
51.3
53.6
78.6
55.1
65.4
47.6
61.2
75.0
44.8
64.0
40.0
52.5
52.9
54.8
65.5
59.3
70.0
35.0
47.4
45.9
68.6
56.5
55.0
40.8
62.2
71.7
66.7
72.7
69.7
64.7
56.8
57.4
66.7
53.1
71.7
54.8
54.1
100.0
50.0
71.8
52.5
48.5
72.7
55.9
57.5
58.8
55.2
59.4
41.9
55.1
65.0
53.6
83.3
51.5
47.7
51.2
54.3
63.1
44.6
63.6
50.0
69.2
27.3
56.1
36.4
57.6
60.0
74.4
66.7
66.7
56.7
52.0
45.2
47.6
64.3
58.0
57.1
60.9
59.1
62.1
67.6
53.7
47.1
53.8
44.4
64.3
63.6
59.1
52.3
59.6
59.1
57.6
42.5
53.6
51.8
41.7
43.3
77.6
60.0
69.5
60.0
76.7
58.6
90.3
51.5
65.6
68.2
59.3
63.0
75.0
73.0
64.6
41.2
55.3
42.2
57.1
67.4
51.3
71.9
51.0
58.3
73.8
76.2
60.9
61.7
50.0
63.9
70.6
46.2
64.9
54.7
39.3
42.9
65.5
63.3
57.5
44.0
52.4
70.4
50.9
42.5
72.4
56.3
60.5
55.3
70.7
54.8
47.1
59.5
61.1
47.6
80.0
51.6
47.9
55.0
46.9
54.3
51.4
45.9
52.9
40.7
75.0
75.0
62.1
75.5
78.9
75.9
59.6
35.7
64.2
53.7
64.9
56.7
52.5
50.0
50.0
48.4
44.1
53.6
60.0
57.6
59.6
60.5
40.0
65.1
37.3
52.6
51.4
59.1
42.3
48.3
63.9
39.4
66.0
73.7
55.2
63.3
58.5
51.2
51.4
58.1
59.7
44.4
47.1
40.0
50.0
47.2
47.2
45.5
47.5
52.6
55.6
50.0
62.1
48.0
55.6
45.7
66.7
92.9
59.5
63.6
60.0
64.3
63.6
64.7
50.8
63.3
64.7
68.6
74.2
60.0
65.9
66.7
61.1
78.1
80.0
60.0
52.6
64.1
64.7
44.9
59.5
69.7
53.3
53.4
63.6
60.9
48.0
50.0
53.8
60.0
65.7
75.0
79.2
61.4
66.7
73.3
45.3
63.2
46.0
66.7
67.7
33.3
63.6
79.2
72.4
45.5
60.8
80.8
56.3
54.7
51.9
50.0
57.1
29.2
43.8
52.6
57.6
70.5
66.7
57.5
53.4
47.4
54.5
62.5
60.6
44.4
55.0
43.8
