52.9
80.0
64.0
52.4
55.0
63.6
63.5
65.6
41.3
71.4
75.8
82.8
58.6
38.2
55.6
66.7
53.1
41.7
59.4
59.4
56.1
55.0
61.1
48.1
41.7
73.3
61.9
40.0
61.7
65.8
41.3
70.6
56.3
51.0
58.8
58.5
59.5
53.8
49.3
45.0
61.5
34.9
51.9
50.9
46.2
50.0
51.5
39.1
44.4
51.2
50.0
50.0
47.4
59.4
50.9
41.7
58.2
39.3
52.8
55.0
58.1
51.7
52.0
64.8
58.5
67.9
76.0
74.5
51.4
55.9
57.6
74.2
53.8
67.4
62.5
63.8
62.2
66.7
86.3
81.3
57.9
47.7
56.8
69.7
60.5
40.9
66.7
70.6
50.0
71.9
44.1
66.7
39.0
56.5
60.0
83.3
52.8
59.5
57.1
53.3
48.9
50.0
54.7
55.2
59.5
51.4
58.1
41.4
48.2
34.8
56.4
57.9
66.0
57.1
69.0
50.0
45.7
45.8
61.4
38.9
38.1
55.3
59.1
50.0
48.6
57.1
47.6
44.4
63.9
53.5
51.4
58.1
58.1
40.5
52.5
65.1
50.0
65.2
57.7
51.4
96.4
77.4
60.0
38.1
50.0
61.5
55.6
63.0
75.0
39.6
36.4
45.2
45.5
43.5
74.4
60.7
39.5
51.2
50.0
60.6
60.5
45.9
55.2
46.8
55.8
28.9
72.0
63.2
63.8
66.7
70.0
66.7
53.6
50.0
40.0
55.9
35.5
34.1
54.8
69.2
48.6
41.9
62.9
62.7
66.1
123.8
70.4
97.7
60.9
61.8
61.7
63.9
58.3
68.0
59.5
67.6
59.3
60.6
50.0
60.0
47.5
41.2
51.0
61.8
52.1
55.6
66.0
94.7
64.9
73.3
57.1
62.5
49.0
61.0
60.0
49.1
56.8
54.1
46.7
68.2
38.5
66.7
51.0
56.3
59.6
47.1
52.4
61.9
59.0
44.0
54.2
40.0
53.1
51.4
48.0
28.0
44.4
52.8
59.0
53.1
75.0
71.4
71.4
61.0
56.1
65.5
58.2
52.0
40.0
42.9
51.6
48.4
60.0
37.0
61.1
64.0
55.2
57.8
73.5
54.5
62.5
50.0
46.2
58.6
52.5
55.3
51.5
48.6
57.4
43.2
56.3
50.0
52.6
69.2
66.7
67.7
64.0
37.8
54.2
26.9
62.7
54.8
71.4
71.4
51.0
43.9
57.9
60.5
48.5
50.0
44.7
52.1
49.0
58.1
64.9
73.3
76.7
61.0
62.1
69.1
66.7
64.5
47.5
56.4
48.6
58.1
44.7
54.5
46.7
54.1
49.2
58.8
61.0
43.6
46.2
56.3
35.1
36.4
60.6
67.7
65.6
59.5
70.0
64.5
64.4
56.0
64.9
43.2
70.6
77.1
54.8
51.9
62.5
63.3
46.2
88.9
46.2
41.4
55.2
56.4
38.6
54.5
43.2
68.8
40.5
50.0
64.3
68.9
42.2
47.2
51.5
36.1
51.8
35.3
54.8
41.9
51.1
52.0
50.0
36.8
50.0
21.9
56.3
40.9
69.0
70.7
52.2
62.1
63.4
53.2
51.5
59.2
69.6
52.4
46.0
72.0
50.0
48.1
52.4
41.4
54.0
41.9
59.1
56.5
73.7
44.2
63.0
93.1
64.9
43.8
62.9
55.0
61.9
55.4
52.6
58.1
60.0
47.1
55.0
50.0
51.9
56.6
70.4
62.9
57.5
47.9
70.6
60.9
72.5
58.7
56.4
54.8
61.7
50.0
54.3
68.4
51.8
46.9
65.9
60.7
57.1
60.0
53.2
52.8
47.4
51.1
48.7
70.0
56.5
42.9
56.4
53.6
55.4
57.1
57.1
62.8
42.9
62.1
52.4
42.1
54.5
41.1
45.5
61.2
54.2
46.7
64.3
72.2
62.0
48.0
54.5
57.1
74.3
51.2
54.1
56.0
56.7
45.2
45.9
81.0
55.9
45.2
60.4
51.3
51.7
37.8
57.6
51.9
53.6
39.0
55.9
53.3
50.0
36.2
42.5
36.7
45.7
28.9
60.0
60.5
59.5
63.2
42.9
42.2
44.7
43.2
40.7
65.5
47.5
57.8
63.6
73.3
52.8
59.5
51.7
65.5
59.5
52.9
78.3
49.0
52.8
50.0
50.0
56.5
48.6
63.5
60.9
61.2
55.6
54.3
53.3
52.9
52.7
67.7
47.7
48.6
63.0
47.5
52.8
59.5
60.0
63.9
60.0
65.5
66.0
44.7
47.7
56.5
58.8
53.1
46.7
45.5
52.3
40.0
32.8
42.1
61.4
51.9
73.0
48.4
40.0
61.5
47.1
59.4
52.0
60.0
71.4
37.3
56.1
50.0
71.4
67.6
54.5
63.9
70.8
58.3
50.9
51.3
47.1
33.3
55.1
47.2
43.8
68.2
50.0
47.8
63.6
66.1
62.7
63.3
87.1
54.2
72.4
63.6
81.7
72.2
80.8
75.0
69.2
93.8
57.4
61.0
56.4
60.9
69.8
50.0
71.9
38.1
59.5
41.9
53.6
51.7
47.2
51.1
48.7
51.5
56.8
45.5
62.5
73.1
74.3
62.9
44.1
58.3
56.4
56.0
65.4
48.5
61.1
59.1
36.0
35.3
66.7
56.7
57.1
44.4
50.0
68.2
51.2
55.6
41.4
63.3
56.5
47.1
46.7
47.8
56.8
45.5
57.5
36.6
64.3
62.2
68.8
48.9
52.3
50.0
58.1
42.2
68.5
64.3
70.6
57.5
69.7
67.9
54.2
36.7
36.0
66.7
41.7
48.8
67.6
50.0
51.1
43.9
41.7
81.3
35.1
48.5
41.2
50.7
48.8
55.6
61.1
63.6
55.6
44.1
51.5
39.1
47.2
61.0
72.1
75.0
44.1
58.3
75.0
61.9
46.9
51.4
54.4
56.5
47.3
53.5
68.8
51.5
57.1
63.9
55.2
68.6
31.4
35.1
51.2
37.9
42.9
32.3
40.5
60.7
41.7
62.2
45.2
54.7
34.4
30.0
53.1
51.7
50.0
51.9
36.1
59.4
68.8
43.8
56.3
84.2
63.5
50.0
67.4
69.1
74.3
51.0
37.1
70.3
63.9
56.4
58.8
69.0
49.0
59.4
51.6
64.7
50.8
60.5
58.8
55.4
71.1
56.7
67.9
80.6
66.7
58.7
68.4
57.1
65.8
64.7
50.0
64.1
61.1
50.0
72.4
65.6
69.2
80.6
56.3
37.5
42.4
54.7
40.7
71.0
54.1
41.7
68.5
62.1
65.5
80.8
64.3
52.8
69.0
54.5
43.2
57.6
49.2
40.9
61.5
67.9
37.8
48.5
54.5
48.0
61.7
68.0
67.9
63.6
60.0
51.4
50.0
55.3
58.9
45.2
47.8
36.0
64.5
45.0
46.9
42.5
50.9
34.4
53.1
55.0
50.0
60.0
54.5
56.1
46.9
55.6
53.5
63.4
36.6
59.3
44.0
39.5
70.5
48.6
51.3
57.4
63.2
37.3
61.8
59.5
57.7
45.0
58.3
53.7
70.7
54.5
60.6
57.4
54.5
70.4
65.6
57.1
47.6
48.0
46.2
42.9
45.2
53.8
60.0
42.5
42.1
55.2
68.4
66.7
46.9
56.3
69.0
82.4
59.5
72.7
70.0
50.8
52.5
59.1
61.9
62.5
50.0
47.1
46.5
50.0
33.3
40.5
56.8
40.0
58.5
51.1
68.8
76.5
62.2
55.9
56.1
56.4
54.3
45.3
60.0
81.3
64.4
69.4
63.6
74.4
52.9
62.1
45.3
65.0
53.6
76.5
58.0
52.6
52.2
56.1
47.2
43.8
48.1
34.8
50.0
40.6
40.9
30.4
58.8
57.1
52.9
62.3
52.4
58.8
62.5
46.7
44.7
55.6
47.5
43.6
46.3
68.0
58.1
38.7
57.9
60.6
61.0
46.7
79.2
44.0
80.6
67.6
61.5
45.9
44.4
53.1
54.5
55.0
53.6
50.0
56.3
65.0
52.6
43.3
58.3
48.0
83.3
56.8
54.1
42.4
70.0
60.0
47.2
73.3
46.2
45.5
57.8
60.7
69.0
42.9
69.2
57.1
53.3
58.8
43.1
37.5
62.5
44.7
52.8
50.0
64.9
42.3
53.1
47.1
77.4
62.5
58.6
54.8
70.0
45.9
65.0
50.8
56.8
52.8
55.0
70.8
52.6
56.1
58.5
63.9
46.7
43.9
50.0
63.2
61.5
55.0
60.0
59.3
36.4
56.8
41.9
54.5
46.2
51.6
35.3
57.1
49.2
40.5
48.0
36.4
45.1
25.6
59.4
50.0
31.0
66.7
76.2
47.6
45.1
47.6
57.9
53.8
50.0
38.5
43.3
72.0
58.3
42.2
61.5
70.0
50.8
53.3
50.0
44.1
46.5
62.8
46.7
51.9
44.1
49.1
45.9
51.5
58.8
55.9
70.6
53.4
52.5
51.9
65.7
70.0
72.4
54.8
57.1
47.9
51.4
61.1
60.6
65.5
67.4
50.0
52.9
50.0
61.2
60.7
50.0
79.6
41.7
51.0
66.7
73.5
50.0
44.7
57.1
51.9
67.6
54.1
85.7
50.0
63.8
56.7
81.0
52.0
48.5
58.5
42.1
65.7
46.0
34.1
54.2
75.0
45.9
41.9
72.7
85.3
62.1
41.2
83.3
52.9
41.2
57.6
60.0
52.9
45.5
68.9
56.4
51.6
62.5
40.0
64.3
41.9
52.5
45.5
56.0
67.9
58.3
44.4
59.0
54.2
55.4
63.2
81.0
41.7
48.0
40.6
53.6
65.5
64.6
50.0
72.7
67.7
60.6
63.6
61.3
66.7
31.6
52.8
41.5
64.4
58.3
44.7
50.0
58.7
66.7
64.1
52.9
68.4
66.7
52.6
55.8
52.4
61.8
62.1
46.8
51.4
57.7
51.2
54.1
82.4
35.5
87.0
38.5
59.5
47.7
57.1
63.8
68.0
43.5
51.2
61.0
20.0
47.8
46.5
61.1
61.8
52.9
62.0
51.2
58.6
37.5
45.8
50.0
41.3
43.9
51.6
64.1
48.3
38.2
47.2
63.6
54.1
36.1
40.0
32.3
58.6
55.6
46.3
34.2
37.9
44.7
34.1
45.9
37.2
53.7
53.3
62.0
54.4
40.0
21.7
58.3
33.3
34.2
41.2
41.9
59.3
58.8
66.0
60.7
53.1
65.5
37.1
64.3
69.2
42.6
58.3
75.9
57.6
53.3
55.3
61.9
63.6
61.1
45.5
61.5
57.1
61.2
45.2
54.2
63.3
45.8
70.0
62.1
50.0
51.1
57.6
36.0
46.2
55.6
63.9
84.6
64.5
54.3
62.5
54.1
68.4
72.5
72.0
59.0
57.5
38.5
67.6
87.1
56.5
60.3
45.2
55.9
64.0
40.0
63.4
40.0
68.8
35.0
48.5
50.0
55.9
52.4
50.9
61.8
56.4
55.6
49.0
72.7
57.7
53.8
47.6
41.2
46.0
61.7
25.8
65.6
52.2
45.2
53.8
53.4
81.8
55.7
35.1
61.5
61.8
52.5
57.1
58.3
70.0
53.2
44.1
62.5
49.0
91.3
60.5
48.6
47.4
56.8
59.0
72.4
55.6
56.8
50.0
60.0
49.3
59.5
41.7
66.7
54.5
40.0
50.0
62.9
49.1
55.9
45.0
52.6
47.5
64.1
45.2
47.3
54.8
43.3
57.1
58.7
42.5
67.9
52.4
47.1
48.0
45.5
34.5
48.6
53.6
40.0
56.4
72.2
48.0
63.9
78.8
66.7
53.8
51.2
62.2
60.6
44.0
55.6
46.3
42.9
55.2
42.0
40.6
53.7
64.0
60.7
64.5
65.2
53.8
65.4
60.5
47.6
61.4
47.1
38.3
43.8
56.3
54.2
38.5
63.0
73.3
66.1
63.5
53.7
54.5
69.4
77.4
73.2
55.6
54.1
62.5
51.5
61.9
52.0
55.2
53.3
22.7
55.6
42.3
41.7
48.6
53.8
52.9
47.0
52.2
45.9
65.2
51.2
69.7
60.4
36.4
51.6
47.6
45.2
44.7
54.5
63.6
61.5
32.6
41.2
100.0
38.9
33.3
47.5
44.9
61.7
45.7
50.9
50.0
59.4
66.7
51.9
41.9
63.3
48.6
54.2
33.3
59.7
64.3
60.5
43.8
62.5
61.0
48.1
58.6
34.6
76.2
56.7
67.6
69.2
82.1
54.2
45.9
60.9
40.9
70.4
82.8
43.6
54.5
73.3
84.6
66.7
57.9
53.6
46.7
55.1
50.0
47.5
35.3
48.0
48.6
65.7
45.0
61.5
59.0
39.0
50.0
53.3
73.0
50.0
52.1
56.4
40.4
76.9
53.6
61.3
60.0
64.3
39.0
44.4
62.9
40.0
67.6
63.6
52.9
43.4
52.5
45.9
45.2
30.0
61.9
60.0
82.8
64.7
60.9
47.6
64.6
46.6
63.3
59.6
66.7
42.9
66.7
33.3
33.3
65.5
66.7
69.6
43.2
57.6
62.1
60.0
85.2
54.5
56.7
42.1
51.3
50.0
56.5
45.1
48.7
47.1
45.0
62.2
74.1
61.8
55.6
68.8
57.6
57.4
54.3
56.3
66.7
44.0
55.3
52.8
48.5
44.1
45.8
40.7
47.7
43.3
40.7
56.8
51.4
71.7
65.2
57.9
58.6
68.8
64.7
75.0
58.3
54.2
57.4
78.6
44.4
56.0
62.2
61.4
37.5
58.8
56.6
52.9
45.6
36.6
51.6
46.7
59.3
68.4
36.4
52.7
35.5
55.0
65.8
62.2
28.3
50.7
100.0
39.4
43.1
48.8
80.6
28.1
40.8
55.8
55.0
51.5
45.5
48.4
85.7
46.4
65.0
59.3
57.1
40.0
60.0
61.0
67.6
51.1
42.0
60.0
63.2
63.2
54.3
48.6
53.8
72.2
60.0
66.7
66.7
84.2
59.2
60.6
73.5
78.4
62.5
37.5
45.5
47.7
52.5
52.8
38.1
62.5
41.9
61.3
54.7
63.6
57.7
57.5
43.3
36.7
53.7
41.7
56.3
90.6
68.5
75.0
71.4
50.0
51.4
66.1
65.0
53.5
55.6
57.1
58.3
52.5
57.1
56.6
57.1
46.9
45.2
51.1
64.7
48.9
51.5
67.6
48.8
79.3
67.4
71.4
45.5
63.3
50.0
63.0
66.7
21.7
63.3
65.6
49.2
63.4
53.3
51.3
50.0
57.6
63.0
54.8
47.1
38.1
58.1
29.4
43.9
60.4
71.9
57.6
63.2
58.0
73.1
60.0
42.4
66.7
41.9
57.1
41.7
44.1
66.7
55.0
54.2
59.6
54.1
61.3
67.7
67.4
61.5
68.0
76.7
43.6
60.9
51.4
47.1
57.9
64.0
74.2
68.4
59.0
51.9
73.0
57.8
46.9
61.3
60.0
53.7
55.7
41.4
51.4
65.0
53.1
41.4
45.5
52.8
63.0
35.5
57.5
50.0
82.5
52.8
56.3
63.3
66.7
47.7
57.1
56.4
55.6
48.4
50.0
53.2
61.0
52.0
37.8
55.3
50.0
69.7
63.9
55.9
64.4
62.2
63.6
60.9
48.3
48.0
48.1
93.3
50.8
60.5
56.0
77.4
54.8
58.3
62.9
63.5
52.9
57.8
78.8
47.1
47.2
57.9
52.8
66.7
65.2
29.0
42.5
73.0
52.2
52.9
50.0
47.8
79.2
53.8
48.3
44.4
53.5
43.8
45.6
40.0
56.5
44.6
31.3
58.7
56.5
55.0
48.7
76.3
73.2
73.2
86.7
69.2
58.3
35.3
60.3
80.0
67.2
59.3
51.5
49.0
88.0
58.3
50.0
55.2
53.7
60.5
52.9
60.7
46.9
46.7
48.6
52.3
66.7
43.6
48.0
26.9
48.3
27.0
54.9
56.6
70.0
55.8
80.0
55.0
51.1
46.3
56.0
47.2
69.6
70.3
44.7
70.2
52.5
38.2
53.2
36.1
45.5
59.3
60.0
61.1
38.1
55.8
51.3
66.7
53.2
59.5
42.9
55.3
65.0
43.6
63.2
54.2
61.8
71.4
55.6
58.8
88.9
62.5
67.6
76.9
57.9
48.5
59.5
62.1
52.8
44.1
54.1
68.4
48.3
69.0
43.2
58.6
56.5
54.5
50.0
50.0
72.2
44.9
63.6
56.3
67.5
34.1
47.5
71.4
65.7
60.0
64.5
71.4
58.1
58.1
42.4
62.9
64.1
48.3
52.5
65.4
50.0
42.9
43.2
66.7
55.6
54.2
41.7
60.0
61.5
34.1
52.9
41.9
44.7
47.2
40.6
59.4
52.1
68.0
50.0
51.7
42.9
35.9
45.5
54.1
55.6
52.6
80.0
105.9
72.7
69.2
66.1
64.3
65.7
86.2
62.1
50.0
71.4
48.6
60.0
36.0
66.7
52.6
47.6
31.8
55.9
60.6
47.5
55.6
40.6
46.7
42.6
44.1
47.6
42.2
56.5
56.0
50.0
22.9
47.5
63.9
45.2
75.9
61.4
68.3
48.8
61.3
62.9
65.0
46.9
61.9
65.0
63.2
56.5
62.5
53.8
66.7
62.2
48.7
64.5
53.3
67.4
56.4
33.3
37.5
51.7
47.7
60.0
63.6
56.8
46.8
53.1
38.7
60.5
41.4
59.5
69.4
48.9
54.0
60.0
58.1
64.7
50.0
64.0
41.9
50.0
27.0
47.6
68.2
61.4
50.0
69.6
47.6
52.1
55.0
50.0
39.3
63.6
51.3
75.9
64.3
55.6
44.2
50.0
50.0
59.4
47.9
58.3
46.3
62.2
50.0
46.3
78.8
60.0
61.5
61.0
76.9
51.5
58.6
89.7
66.7
51.4
59.2
58.6
42.9
43.9
54.8
73.5
42.4
41.2
42.0
42.9
60.0
46.4
41.7
51.7
51.6
57.6
61.1
65.0
56.0
64.7
71.8
46.7
42.1
46.2
36.5
43.9
57.1
46.9
42.9
56.7
72.2
60.6
53.8
61.5
63.4
56.0
58.8
51.4
61.3
53.1
58.3
58.1
71.0
63.0
50.0
51.8
66.7
63.3
62.2
48.6
55.8
64.9
54.2
64.0
78.8
62.5
56.9
35.7
57.1
66.0
48.4
61.9
69.8
46.8
65.2
51.9
62.8
56.5
62.9
51.7
73.1
51.6
68.2
38.7
67.3
73.7
38.9
75.0
49.2
50.0
47.2
65.0
54.2
52.6
46.3
49.2
43.8
54.5
59.5
55.2
72.0
63.6
53.7
55.4
31.3
42.2
74.5
50.0
45.2
72.4
45.5
39.7
66.7
57.1
42.9
45.5
57.1
60.0
39.0
47.1
56.6
54.1
46.0
118.2
40.0
61.5
34.1
71.4
50.0
53.1
55.8
32.5
34.5
47.9
43.8
41.4
49.1
54.2
71.4
50.0
38.2
54.8
57.8
62.1
93.8
53.7
69.4
45.0
56.9
52.9
35.5
51.8
38.5
51.4
50.0
58.8
46.4
41.4
68.6
50.8
43.6
59.6
58.3
56.0
40.0
48.1
32.4
69.7
26.3
39.6
42.0
43.2
53.7
54.1
46.4
66.7
61.8
55.6
54.8
61.3
58.3
55.8
56.0
35.7
69.2
72.4
57.5
67.7
40.0
56.5
41.2
54.1
61.5
37.7
49.0
63.6
60.0
61.5
40.5
61.9
79.6
51.4
68.0
80.8
86.3
56.8
45.7
42.2
46.7
68.8
65.3
85.0
72.0
66.0
53.8
39.3
50.0
71.4
69.2
50.0
57.1
58.3
44.8
46.0
57.5
50.8
35.3
45.2
51.7
59.3
47.5
40.0
59.6
50.8
74.3
56.5
55.0
36.7
70.3
55.0
86.7
63.6
66.7
56.9
62.2
57.4
64.1
53.1
69.6
46.8
54.1
90.0
54.2
53.8
62.5
54.5
80.0
57.6
52.5
55.9
79.3
62.5
48.4
52.2
30.0
64.3
60.0
57.6
44.6
63.4
50.0
38.5
43.1
45.5
33.3
46.2
27.3
41.5
33.3
45.5
60.0
74.4
61.9
51.5
56.7
56.0
38.7
69.0
58.9
52.2
71.4
43.5
59.1
65.5
55.9
53.7
47.1
44.2
66.7
47.6
42.4
43.2
52.3
61.7
54.5
50.8
37.5
67.9
57.1
50.0
36.7
58.6
56.7
61.0
60.0
66.7
51.7
58.1
57.6
64.1
50.0
66.7
48.1
64.3
45.9
54.2
44.1
47.4
43.8
38.1
63.0
61.5
59.4
56.9
50.0
69.2
81.0
73.9
74.5
56.3
44.4
92.2
38.5
56.8
57.8
53.6
35.7
55.2
53.3
67.5
52.0
33.3
59.3
50.9
45.0
62.1
56.3
62.8
52.6
79.3
61.9
67.6
54.8
66.7
52.4
57.5
51.6
50.0
70.0
53.1
57.1
57.1
48.6
49.0
40.7
65.4
60.0
48.3
67.3
73.7
62.1
61.7
35.7
54.7
63.4
59.5
56.7
50.0
65.4
50.0
58.1
47.1
75.0
56.4
57.6
57.4
50.0
52.0
58.1
45.8
57.9
54.1
59.1
69.2
51.7
47.2
45.5
66.0
71.1
69.0
53.1
49.1
51.2
54.3
41.9
47.8
38.9
41.2
60.0
50.0
47.2
43.4
45.5
42.4
65.8
63.0
47.4
62.1
52.0
63.9
32.6
59.5
57.1
59.5
68.2
52.0
50.0
52.3
61.8
52.5
43.3
67.6
52.9
54.8
54.3
48.8
50.0
47.2
62.5
56.0
66.7
44.7
71.8
45.1
53.1
70.3
45.5
56.7
51.7
51.5
54.3
40.0
44.7
59.0
50.0
57.1
58.3
60.4
52.3
63.0
55.6
40.6
78.9
58.0
56.7
45.2
40.0
40.9
45.8
72.4
57.6
64.7
42.3
68.8
58.5
51.9
60.5
61.9
41.7
62.5
40.4
57.6
61.4
58.3
47.5
60.3
68.4
68.2
72.9
60.6
33.3
52.5
40.6
