38.2
75.0
60.0
59.5
55.0
63.6
54.0
43.8
56.5
61.9
66.7
72.4
48.3
41.2
50.0
56.7
53.1
33.3
56.3
65.6
53.7
42.5
50.0
40.7
50.0
50.0
66.7
46.0
48.3
52.6
46.0
52.9
50.0
49.0
52.9
58.5
51.4
38.5
47.8
45.0
69.2
30.2
40.7
38.6
46.2
40.6
45.5
39.1
46.3
48.8
50.0
45.5
47.4
62.5
52.7
44.4
60.0
35.7
47.2
55.0
58.1
51.7
48.0
64.8
51.2
54.7
68.0
72.3
64.9
55.9
51.5
71.0
59.0
58.7
58.3
55.2
60.0
69.4
68.6
50.0
57.9
40.9
54.5
60.6
55.8
50.0
60.0
67.6
58.3
62.5
38.2
58.3
36.6
56.5
55.0
70.0
44.4
45.9
50.0
44.4
46.8
61.8
47.2
55.2
45.9
43.2
48.4
37.9
44.6
30.4
52.7
47.4
70.0
57.1
58.6
62.5
54.3
50.0
54.4
38.9
33.3
46.8
54.5
53.3
45.9
52.4
42.9
36.1
52.8
46.5
48.6
51.6
48.8
35.7
45.8
55.8
58.3
47.8
50.0
42.9
71.4
67.7
53.3
47.6
50.0
59.0
52.8
50.0
50.0
47.2
36.4
48.4
36.4
32.6
55.8
46.4
39.5
46.5
57.7
63.6
60.5
48.6
48.3
40.4
46.5
42.1
64.0
56.1
60.3
57.1
60.0
70.8
46.4
52.9
48.6
55.9
35.5
34.1
45.2
61.5
48.6
39.5
42.9
59.3
45.8
95.2
63.0
55.8
54.3
64.7
55.0
67.2
62.5
64.0
62.2
54.1
48.1
57.6
44.4
54.5
45.8
41.2
49.0
55.9
45.8
41.7
66.0
78.9
59.6
50.0
66.7
70.8
43.1
56.1
55.0
49.1
38.6
32.4
40.0
72.7
38.5
57.1
44.9
37.5
57.4
47.1
35.7
66.7
46.2
38.0
49.2
45.0
56.3
56.8
56.0
36.0
40.7
44.4
61.5
53.1
50.0
64.3
61.9
63.4
46.3
48.3
58.2
52.0
25.0
40.0
58.1
51.6
44.4
33.3
41.7
52.0
48.3
55.6
64.7
39.4
58.3
45.0
41.0
58.6
49.2
53.2
51.5
48.6
51.1
32.4
50.0
51.7
47.4
53.8
47.6
64.5
40.0
32.4
43.8
30.8
62.7
45.2
61.9
61.9
39.2
39.0
57.9
51.2
40.9
53.8
55.3
52.1
45.1
51.6
62.2
66.7
68.3
63.4
72.4
74.5
58.3
61.3
50.8
56.4
45.9
51.6
46.8
45.5
42.2
45.9
44.4
47.1
53.7
51.3
38.5
56.3
24.3
36.4
51.5
45.2
57.4
48.6
66.7
61.3
44.4
56.0
61.4
48.6
61.8
57.1
51.6
51.9
59.4
50.0
38.5
80.6
44.6
41.4
51.7
46.2
54.5
54.5
43.2
59.4
35.1
52.6
60.7
46.7
42.2
50.0
54.5
30.6
50.0
47.1
51.6
38.7
42.6
24.0
50.0
52.6
44.4
18.8
46.9
45.5
65.5
63.4
52.2
58.6
58.5
51.6
45.5
53.1
56.5
42.9
46.0
68.0
54.5
59.3
47.6
37.9
52.0
38.7
53.0
58.7
68.4
41.9
55.6
89.7
48.6
40.6
56.5
58.3
66.7
58.9
50.0
54.8
57.1
47.1
50.0
35.0
48.1
60.4
63.0
60.0
50.0
58.3
64.7
56.5
60.0
63.0
56.4
58.1
57.4
41.7
45.7
73.7
51.8
50.0
61.0
50.0
45.7
60.0
50.0
58.3
42.1
36.2
35.9
70.0
56.5
45.7
48.7
50.0
44.6
46.4
57.1
46.5
40.5
34.5
47.6
42.1
51.5
44.6
40.9
59.2
35.4
36.7
50.0
50.0
62.0
34.0
52.3
57.1
65.7
51.2
50.8
68.0
51.7
45.2
48.6
71.4
44.1
41.9
50.9
43.6
43.1
40.5
33.3
37.0
46.4
36.6
61.8
43.3
50.0
27.7
42.5
38.8
43.5
26.3
44.0
44.7
45.2
55.3
42.9
46.7
38.3
32.4
37.0
48.3
45.9
55.6
54.5
60.0
52.8
47.6
48.3
58.6
48.6
61.8
60.9
41.2
47.2
62.0
46.2
60.9
51.4
67.3
65.2
63.3
55.6
51.4
60.0
41.2
50.9
64.5
36.4
43.2
55.6
45.0
47.2
48.6
52.7
47.2
56.0
62.1
60.0
52.6
53.8
50.0
47.1
43.8
43.3
48.5
40.9
44.0
41.0
31.6
59.1
44.4
64.9
35.5
36.7
56.4
58.8
46.9
42.0
43.3
71.4
43.1
53.7
52.4
60.7
73.5
60.6
55.6
70.8
63.9
54.5
51.3
50.0
31.7
55.1
41.7
50.0
59.1
43.3
56.5
63.6
67.9
54.9
63.3
90.3
62.5
79.3
63.6
66.7
61.1
73.1
70.8
57.7
56.3
51.1
63.4
51.3
43.5
62.8
52.5
65.6
33.3
52.4
48.8
50.0
48.3
47.2
48.9
41.0
51.5
63.6
54.5
52.5
69.2
65.7
51.4
35.3
47.2
47.3
52.0
55.8
39.4
55.6
59.1
40.0
29.4
50.0
66.7
57.1
50.0
50.0
52.3
43.9
40.7
37.9
65.3
47.8
52.9
51.7
45.7
61.4
48.5
55.0
41.5
50.0
54.1
59.4
51.1
52.3
50.0
53.5
37.8
68.5
57.1
64.7
47.5
69.7
67.9
60.4
36.7
36.0
55.6
36.1
53.7
70.6
51.7
40.0
39.0
25.0
75.0
24.3
51.5
44.1
47.8
39.5
51.1
57.4
53.0
52.8
41.2
54.5
52.2
50.0
61.0
62.3
60.7
44.1
58.3
75.0
61.9
55.1
40.5
61.4
60.9
41.8
46.5
65.6
51.5
57.1
52.8
56.9
65.7
45.7
38.6
34.1
34.5
38.8
38.7
33.3
57.1
45.8
48.6
42.9
52.8
25.0
23.3
50.0
43.1
42.9
53.8
36.1
56.3
62.5
43.8
37.5
63.2
59.6
53.3
62.8
56.4
68.6
51.0
45.7
54.1
63.9
66.7
52.9
65.5
53.1
46.9
48.4
47.1
47.5
58.1
52.9
50.8
57.9
63.3
64.2
67.7
66.7
56.5
68.4
50.8
57.9
70.6
43.8
51.3
53.7
45.8
44.8
56.3
50.0
58.3
53.1
37.5
37.9
56.6
44.4
61.3
40.5
41.7
64.8
48.3
67.2
65.4
60.7
55.6
62.1
51.5
43.2
45.5
52.5
27.3
53.8
64.3
37.8
36.4
48.5
44.0
56.7
70.0
50.0
51.5
60.0
54.1
55.6
39.5
57.1
41.9
47.8
40.0
61.3
47.5
50.0
50.0
45.6
25.0
50.0
60.0
34.4
62.5
54.5
54.4
50.0
48.1
51.2
61.0
41.5
51.9
48.0
28.9
56.8
51.4
48.7
46.8
57.9
39.2
50.0
43.2
61.5
45.0
66.7
41.5
68.3
52.3
54.5
51.9
47.0
59.3
56.3
50.0
40.5
44.0
48.7
64.3
43.5
48.1
45.0
40.0
36.8
51.7
63.2
61.1
37.5
54.2
72.4
67.6
48.6
59.1
40.0
44.6
57.6
54.5
57.1
50.0
42.9
44.1
48.8
28.6
37.5
38.1
35.1
37.8
58.5
44.4
62.5
64.7
56.8
55.9
56.1
52.7
54.3
50.9
76.0
68.8
49.2
69.4
59.1
74.4
50.0
48.3
51.6
60.0
55.1
70.6
56.0
57.9
45.7
53.7
41.7
37.5
37.0
34.8
47.8
34.4
45.5
32.6
49.0
57.1
52.9
54.7
45.2
49.0
64.6
43.3
46.8
41.7
45.0
43.6
34.1
52.0
38.7
38.7
56.1
42.4
59.3
50.0
58.3
44.0
61.3
56.8
61.5
43.2
38.9
59.4
40.9
45.0
46.4
43.2
50.0
57.5
56.1
40.0
62.5
40.0
63.3
56.8
51.4
45.5
65.0
55.0
50.0
70.0
44.2
45.5
50.0
60.7
69.0
39.3
53.8
57.1
48.9
55.9
37.9
25.0
53.1
40.4
47.2
50.0
51.4
46.2
46.9
52.9
67.7
58.3
58.6
48.4
73.3
43.2
65.0
40.7
56.8
58.3
45.0
58.3
50.0
48.8
56.6
44.4
53.3
34.1
38.2
57.9
61.5
55.0
57.8
55.6
33.3
56.8
38.7
42.4
43.6
51.6
41.2
50.0
50.8
29.7
52.0
18.2
37.3
23.1
50.0
56.3
27.6
46.7
52.4
33.3
39.2
50.0
50.0
44.2
56.3
33.3
46.7
60.0
63.9
42.2
46.2
60.0
50.8
56.7
57.1
50.0
34.9
44.2
43.3
48.1
41.2
45.5
43.2
48.5
64.7
50.0
55.9
60.3
49.2
55.6
57.1
60.0
62.1
61.3
64.3
41.7
51.4
47.2
60.6
62.1
62.8
52.6
41.2
63.6
59.2
71.4
54.8
65.3
41.7
52.9
56.7
64.7
50.0
51.1
50.0
51.9
54.1
48.6
77.1
43.8
58.6
56.7
71.4
48.0
45.5
56.1
44.7
48.6
41.3
39.0
62.5
64.3
51.4
41.9
70.9
64.7
51.7
44.1
66.7
55.9
38.2
54.5
45.0
47.1
41.8
62.2
53.8
48.4
52.1
46.7
57.1
43.5
45.0
34.1
56.0
64.3
52.8
33.3
53.8
50.8
48.2
50.0
57.1
37.5
40.0
37.5
50.0
63.6
55.4
41.1
45.5
71.0
54.5
60.6
61.3
54.5
31.6
43.4
48.8
57.8
47.9
44.7
50.0
52.4
63.6
59.0
50.0
60.5
66.7
52.6
51.9
42.9
55.9
55.2
53.2
54.1
50.0
51.2
47.5
64.7
38.7
52.2
46.2
47.6
52.3
51.4
57.4
68.0
43.5
48.8
41.5
28.0
34.8
27.9
52.8
61.8
47.1
50.0
44.2
58.6
25.0
41.7
50.0
45.7
43.9
45.2
51.3
37.9
32.4
55.6
65.5
51.4
30.6
42.9
29.0
55.2
55.6
36.6
23.7
34.5
36.8
39.0
40.5
37.2
53.7
51.1
58.0
52.6
38.3
30.4
45.8
28.6
36.8
35.3
41.9
49.2
52.9
54.0
50.0
46.9
37.9
40.0
64.3
66.7
37.0
52.1
58.6
63.6
56.7
42.1
54.8
57.6
50.0
52.7
53.8
48.6
53.1
42.9
45.8
63.3
50.0
60.0
37.9
52.8
48.9
51.5
42.0
46.2
63.0
58.3
69.2
61.3
54.3
50.0
42.6
63.2
55.0
48.0
48.7
60.0
34.6
61.8
74.2
52.2
53.4
35.5
52.9
60.0
43.3
56.1
49.1
56.3
35.0
45.5
50.0
42.4
57.1
58.5
56.4
58.2
46.3
44.9
72.7
57.7
51.3
47.6
35.3
38.1
53.3
29.0
46.9
43.5
38.7
61.5
44.8
63.6
54.1
40.5
57.7
67.6
50.0
51.4
63.9
50.0
58.1
44.1
46.9
51.0
69.6
57.9
44.6
63.2
40.5
38.5
72.4
44.4
40.5
47.7
64.0
34.3
56.8
33.3
55.6
60.6
40.0
52.8
60.0
50.9
47.1
50.0
52.6
45.8
53.8
48.4
50.9
41.9
36.7
57.1
43.5
42.5
57.1
52.4
43.1
52.0
51.5
48.3
35.1
53.6
40.0
59.0
66.7
44.0
52.5
63.6
63.6
50.8
43.9
60.0
45.5
42.0
38.9
42.6
40.5
48.3
48.0
46.9
51.9
56.0
67.9
64.5
50.0
48.7
61.5
57.9
38.1
52.3
52.9
38.3
43.8
41.7
41.7
53.8
59.3
73.3
55.9
46.2
57.4
54.5
58.3
74.2
71.4
55.6
45.9
45.8
54.5
50.0
42.0
51.7
55.0
36.4
58.7
50.0
33.3
43.2
50.0
55.9
37.9
56.5
43.2
54.3
46.3
60.6
62.3
36.4
46.9
38.1
41.9
51.1
100.0
61.4
53.8
39.5
52.9
68.4
41.7
25.5
50.0
36.7
53.2
37.1
52.8
50.0
62.5
60.4
51.9
32.3
56.7
40.0
49.2
25.0
59.7
60.7
50.0
46.9
47.5
58.5
50.0
55.2
38.5
66.7
48.3
61.8
61.5
64.3
45.8
43.2
39.1
50.0
63.0
62.1
51.3
51.5
53.3
76.9
63.6
55.3
53.6
42.2
46.9
47.4
61.0
35.3
48.0
54.1
62.9
47.5
56.4
56.4
43.9
50.0
33.3
67.6
50.0
43.8
56.4
34.6
76.9
50.0
45.2
56.0
54.8
34.1
37.0
65.7
40.0
44.1
54.5
49.0
43.4
50.0
48.6
38.7
40.0
61.9
60.0
65.5
41.2
48.4
35.7
58.3
46.6
60.0
53.8
51.9
45.2
33.3
30.6
46.7
65.5
70.4
59.4
29.7
54.5
41.4
50.0
70.4
36.4
40.0
23.7
48.7
42.9
50.0
35.3
43.6
41.2
25.0
54.1
51.9
64.7
48.9
68.8
51.5
51.1
51.4
56.3
62.5
60.0
59.6
58.3
42.4
44.1
40.7
37.0
43.2
33.3
46.3
45.9
43.2
58.5
65.2
60.5
62.1
65.6
64.7
58.3
52.8
40.7
44.4
57.1
44.4
52.0
51.4
65.9
34.4
52.9
56.6
61.8
42.1
31.7
48.4
55.6
44.4
57.9
40.9
49.1
45.2
52.5
63.2
46.7
30.2
50.7
71.4
33.3
49.0
34.9
67.7
25.0
40.8
50.0
45.0
51.5
39.4
48.4
71.4
42.9
40.0
53.7
52.4
48.0
50.0
58.5
78.4
51.1
40.0
60.0
49.1
47.4
50.0
51.4
50.0
55.6
60.0
60.8
52.8
65.8
61.2
48.5
64.7
62.2
58.3
37.5
40.9
45.5
42.5
50.0
28.6
62.5
34.9
58.1
45.3
58.2
53.8
45.0
40.0
36.7
51.2
37.5
37.5
69.8
53.7
79.2
65.3
52.6
60.0
62.7
55.0
41.9
41.7
52.4
62.5
50.0
50.0
56.6
61.9
46.9
45.2
46.8
52.9
44.4
54.5
67.6
58.5
65.5
56.5
76.2
59.1
55.1
55.6
48.1
54.9
34.8
56.7
59.4
50.8
43.9
44.4
46.2
47.2
62.7
59.3
45.2
41.2
38.1
60.5
41.2
43.9
52.8
59.4
45.5
55.3
48.0
61.5
51.4
42.4
58.3
41.9
42.9
54.2
38.2
59.0
35.0
62.5
61.4
45.9
64.5
61.3
58.1
59.0
60.0
53.3
48.7
60.9
51.4
41.2
60.5
56.0
74.2
73.7
43.6
48.1
56.8
55.6
38.8
41.9
57.1
53.7
49.2
41.4
48.6
65.0
53.1
37.9
40.9
41.7
55.6
41.9
57.5
50.0
67.5
43.4
56.3
60.0
60.6
45.5
35.7
58.2
51.9
45.2
50.0
55.3
57.6
48.0
29.7
47.4
46.4
60.6
52.5
47.1
57.6
48.6
54.5
52.2
44.8
56.0
48.1
86.7
58.7
47.4
48.0
64.5
50.0
44.4
42.9
55.6
50.0
53.3
69.7
41.2
55.6
52.6
50.0
60.0
60.9
32.3
40.0
67.6
45.7
41.2
41.1
47.8
70.8
46.2
41.4
44.4
41.9
46.9
42.1
30.0
54.8
39.3
34.4
50.0
56.5
47.5
48.7
81.6
71.4
61.0
86.7
65.4
43.8
35.3
55.2
53.3
65.5
44.4
45.5
45.1
56.0
44.4
50.0
51.7
53.7
46.5
55.9
67.9
46.9
46.7
48.6
53.8
59.3
33.3
32.0
34.6
48.3
29.7
51.0
52.8
60.0
58.1
65.0
35.0
46.8
48.8
48.0
41.7
58.7
64.9
42.1
55.3
52.5
34.5
51.6
41.7
57.6
66.7
50.0
58.3
35.7
60.5
43.6
60.0
50.0
56.8
37.1
51.1
65.0
40.0
63.2
52.5
65.5
66.7
48.1
50.0
74.1
65.6
61.8
65.4
63.2
42.4
52.4
48.3
44.4
44.1
54.1
63.2
50.0
57.1
40.5
58.6
56.5
54.5
47.7
51.7
66.7
30.6
63.6
62.5
55.0
48.8
45.9
67.9
40.0
54.3
61.3
57.1
54.8
54.8
37.9
51.4
59.0
48.3
60.0
57.7
47.1
42.9
45.9
63.6
47.2
41.7
58.3
55.6
56.4
31.7
35.3
38.7
42.6
44.4
50.0
46.9
41.7
64.0
55.8
48.3
45.7
33.3
39.4
45.9
44.4
26.3
72.0
88.2
60.6
71.2
51.8
59.5
48.6
86.2
60.3
60.0
64.3
48.6
56.0
36.0
74.1
55.3
47.6
27.3
50.0
51.5
45.0
51.9
31.3
43.3
42.6
52.9
52.4
35.6
43.5
56.0
39.3
31.4
42.6
50.0
38.7
69.0
56.8
58.5
46.3
41.9
48.4
65.0
62.5
59.5
70.0
63.2
47.8
47.5
56.9
54.8
59.5
48.7
58.1
63.3
69.8
51.3
38.1
40.6
41.7
43.2
44.4
60.6
36.4
51.1
43.8
54.8
52.6
37.9
56.8
75.0
42.6
54.0
54.3
62.8
55.9
42.1
48.0
34.9
38.1
32.4
39.7
50.0
56.8
52.9
65.2
52.4
43.8
50.0
58.3
29.5
56.4
46.2
69.0
53.6
55.6
51.2
50.0
45.0
43.8
47.9
63.9
51.9
45.9
54.2
44.8
72.7
55.0
38.5
48.8
80.8
54.5
48.3
69.0
55.6
60.0
53.1
41.4
45.7
46.3
61.3
61.8
36.4
41.2
32.0
39.3
53.3
35.7
52.8
53.4
54.8
51.5
61.1
70.0
56.0
67.6
64.1
46.7
47.4
42.3
36.5
39.0
57.1
38.8
39.3
55.0
61.1
57.6
57.7
59.0
39.0
64.0
44.1
45.7
64.5
56.3
61.1
48.4
74.2
52.2
53.8
60.7
58.3
56.7
66.7
48.6
63.5
51.4
58.3
48.0
57.7
50.0
49.0
26.2
35.7
61.7
48.4
76.2
67.4
41.9
60.9
48.1
51.2
63.0
65.7
43.3
65.4
54.8
59.1
29.0
56.4
71.1
36.1
62.5
36.1
30.6
38.9
65.0
45.8
44.7
39.0
44.4
43.8
54.5
56.8
62.1
72.0
57.6
51.2
60.0
40.6
44.4
63.8
64.3
51.6
51.7
51.5
48.3
52.4
55.4
42.9
54.5
55.1
57.5
46.3
47.1
52.8
50.8
50.0
100.0
36.0
61.5
40.9
65.7
55.0
57.8
57.7
30.0
41.4
47.9
40.6
37.9
42.1
45.8
60.7
45.2
32.4
45.2
53.3
54.5
62.5
41.5
52.8
50.0
48.3
35.3
38.7
50.0
26.9
48.6
50.0
61.8
35.7
41.4
74.3
50.8
46.2
59.6
52.8
44.0
44.0
48.1
35.1
57.6
52.6
37.7
34.0
43.2
48.1
40.5
46.4
60.0
50.0
61.9
41.9
58.1
50.0
46.5
44.0
50.0
53.8
58.6
45.0
64.5
32.3
47.8
44.1
44.3
57.7
36.1
28.6
63.6
54.0
56.4
47.6
57.1
70.4
67.6
54.0
65.4
64.7
51.4
45.7
37.5
60.0
59.4
59.2
60.0
68.0
48.9
48.7
32.1
42.9
57.1
57.7
52.4
55.1
56.3
41.4
42.0
47.5
52.5
32.4
38.7
48.3
55.6
45.0
40.0
40.4
47.5
57.1
52.2
60.0
36.7
59.5
60.0
93.3
65.9
69.7
64.7
59.5
55.3
66.7
56.3
58.7
51.6
45.9
80.0
50.0
43.6
60.0
48.5
67.3
59.3
42.5
44.1
69.0
59.4
38.7
50.7
25.0
57.1
63.3
48.5
49.2
46.3
45.7
36.9
41.5
48.5
29.2
50.0
22.7
39.0
42.4
57.6
68.6
71.8
59.5
63.6
43.3
58.0
38.7
52.4
53.6
53.6
59.5
56.5
59.1
48.3
61.8
58.5
44.1
44.2
55.6
54.8
57.6
38.6
50.0
55.3
45.5
59.3
42.5
42.9
50.0
50.0
46.7
65.5
56.7
59.3
60.0
66.7
58.6
61.3
54.5
59.4
54.5
55.6
37.0
64.3
48.6
54.2
41.2
42.1
35.9
33.3
58.7
38.5
43.8
58.8
58.3
70.8
66.7
65.2
55.3
34.4
55.6
66.7
43.6
56.8
53.1
57.1
46.4
58.6
56.7
57.5
48.0
38.1
48.1
49.1
40.0
51.7
53.1
51.2
42.1
69.0
61.9
58.8
57.1
55.6
42.9
62.5
51.6
47.9
50.0
46.9
51.4
45.7
43.2
39.2
40.7
57.7
55.0
46.6
61.2
57.9
62.1
51.1
50.0
60.4
56.1
54.1
50.0
45.0
57.7
50.0
45.2
38.2
75.0
65.5
60.6
46.8
47.4
44.0
41.9
42.4
63.2
43.2
43.2
69.2
37.9
52.8
36.4
60.0
57.9
48.3
55.1
39.6
48.8
48.6
35.5
38.8
33.3
38.2
60.0
59.4
47.2
35.8
40.9
39.0
60.5
51.9
50.0
48.3
44.0
55.6
34.8
47.6
57.1
52.4
68.2
52.0
45.2
45.5
55.9
45.8
46.7
58.8
47.1
48.4
42.9
43.9
53.3
44.4
71.9
48.0
63.3
44.7
74.4
49.0
40.8
59.5
54.5
51.7
48.3
48.5
54.3
44.0
39.5
51.3
45.0
51.4
55.6
52.1
56.8
55.6
44.4
34.4
63.2
50.0
56.7
45.2
40.0
43.2
37.5
82.8
57.6
66.7
42.3
53.1
58.5
51.9
57.9
52.4
37.5
58.3
43.9
45.5
61.4
54.2
45.0
51.7
68.4
61.4
62.5
54.5
30.6
55.0
43.8
