47.1
75.0
64.0
57.1
60.0
63.6
58.7
53.1
52.2
71.4
66.7
69.0
51.7
38.2
44.4
66.7
49.0
44.4
65.6
62.5
56.1
52.5
52.8
55.6
50.0
56.7
57.1
40.0
63.3
60.5
42.9
70.6
50.0
46.9
52.9
62.3
48.6
57.7
52.2
47.5
65.4
32.6
44.4
52.6
42.3
53.1
48.5
34.8
42.6
51.2
50.0
53.0
50.0
59.4
49.1
38.9
65.5
39.3
63.9
65.0
58.1
58.6
56.0
66.7
56.1
60.4
76.0
74.5
59.5
61.8
57.6
71.0
51.3
63.0
66.7
65.5
55.6
61.1
80.4
68.8
57.9
43.2
54.5
63.6
62.8
45.5
40.0
67.6
41.7
62.5
38.2
61.7
39.0
63.0
50.0
73.3
52.8
51.4
57.1
51.1
51.1
47.1
52.8
51.7
45.9
45.9
41.9
44.8
46.4
30.4
58.2
42.1
62.0
57.1
58.6
50.0
48.6
50.0
57.9
33.3
23.8
48.9
47.7
46.7
48.6
50.0
52.4
36.1
61.1
44.2
54.1
54.8
55.8
35.7
52.5
53.5
44.4
60.9
57.7
45.7
89.3
74.2
56.7
38.1
45.5
61.5
50.0
60.9
70.0
41.5
27.3
38.7
42.4
43.5
67.4
64.3
44.7
46.5
53.8
57.6
55.3
48.6
51.7
44.7
51.2
34.2
68.0
61.4
56.9
61.9
70.0
66.7
53.6
58.8
34.3
52.9
38.7
36.6
58.1
53.8
54.1
39.5
51.4
66.1
64.4
119.0
70.4
93.0
52.2
55.9
55.0
62.3
58.3
68.0
70.3
64.9
55.6
63.6
44.4
61.8
50.8
38.2
44.9
52.9
45.8
44.4
61.7
73.7
61.4
60.0
71.4
62.5
43.1
56.1
47.5
50.9
47.7
45.9
40.0
72.7
34.6
52.4
42.9
62.5
55.3
50.0
42.9
61.9
51.3
38.0
50.8
45.0
59.4
56.8
56.0
36.0
44.4
47.2
53.8
59.4
55.0
60.7
66.7
61.0
63.4
48.3
58.2
42.0
45.0
42.9
58.1
58.1
53.3
33.3
58.3
56.0
37.9
62.2
70.6
51.5
58.3
42.5
43.6
58.6
54.2
53.2
48.5
54.3
51.1
48.6
59.4
48.3
49.1
57.7
61.9
67.7
60.0
45.9
54.2
30.8
60.8
58.1
57.1
66.7
45.1
36.6
42.1
58.1
45.5
42.3
47.4
50.0
41.2
64.5
59.5
70.0
71.7
61.0
62.1
80.0
62.5
58.1
45.9
56.4
43.2
54.8
38.3
60.6
53.3
56.8
50.8
64.7
63.4
48.7
46.2
56.3
32.4
36.4
51.5
61.3
68.9
62.2
66.7
61.3
60.0
68.0
66.7
51.4
55.9
62.9
51.6
51.9
56.3
60.0
38.5
75.0
46.2
44.8
55.2
46.2
47.7
54.5
43.2
62.5
45.9
50.0
57.1
55.6
46.7
47.2
48.5
36.1
50.0
32.4
58.1
45.2
55.3
40.0
53.1
42.1
47.2
21.9
53.1
40.9
69.0
73.2
56.5
58.6
63.4
50.0
51.5
61.2
65.2
52.4
44.4
68.0
45.5
51.9
40.5
44.8
54.0
45.2
60.6
56.5
57.9
44.2
51.9
86.2
62.2
46.9
59.7
53.3
61.9
58.9
47.4
54.8
60.0
44.1
50.0
40.0
44.4
60.4
51.9
54.3
55.0
52.1
61.8
65.2
60.0
65.2
59.0
64.5
61.7
50.0
48.6
63.2
46.4
53.1
63.4
57.1
51.4
57.1
51.6
52.8
47.4
46.8
51.3
58.0
58.7
45.7
51.3
57.1
53.6
57.1
47.6
58.1
42.9
51.7
52.4
42.1
51.5
51.8
40.9
61.2
50.0
43.3
35.7
55.6
58.0
44.0
52.3
53.6
62.9
51.2
47.5
64.0
55.0
41.9
51.4
71.4
41.2
41.9
60.4
46.2
50.0
35.1
48.5
48.1
50.0
41.5
55.9
50.0
43.8
31.9
37.5
38.8
43.5
28.9
56.0
63.2
52.4
52.6
46.4
37.8
44.7
43.2
40.7
55.2
47.5
55.6
59.1
63.3
44.4
57.1
51.7
62.1
51.4
52.9
73.9
45.1
52.8
48.0
57.7
52.2
56.8
67.3
60.9
67.3
55.6
54.3
53.3
41.2
49.1
61.3
43.2
48.6
51.9
45.0
47.2
45.9
52.7
55.6
56.0
65.5
62.0
44.7
47.7
58.7
52.9
59.4
43.3
51.5
54.5
48.0
31.1
36.8
54.5
44.4
67.6
41.9
36.7
61.5
58.8
46.9
48.0
53.3
61.9
39.2
56.1
45.2
64.3
79.4
60.6
63.9
54.2
52.8
56.4
53.8
50.0
33.3
53.1
44.4
40.6
54.5
53.3
43.5
69.7
62.5
62.7
66.7
87.1
54.2
65.5
56.8
65.0
61.1
67.3
68.8
69.2
87.5
59.6
61.0
64.1
43.5
58.1
45.0
75.0
42.9
59.5
44.2
55.4
48.3
55.6
48.9
43.6
51.5
63.6
36.4
60.0
69.2
74.3
54.3
47.1
50.0
47.3
56.0
61.5
51.5
59.3
68.2
40.0
35.3
63.3
70.0
57.1
38.9
36.8
61.4
51.2
55.6
41.4
59.2
47.8
47.1
46.7
43.5
54.5
42.4
57.5
34.1
54.8
54.1
75.0
51.1
50.0
50.0
58.1
40.0
66.7
53.6
61.8
50.0
63.6
67.9
56.3
43.3
36.0
55.6
50.0
43.9
67.6
46.6
48.9
48.8
41.7
87.5
32.4
60.6
35.3
49.3
39.5
53.3
61.1
65.2
61.1
38.2
54.5
34.8
52.8
63.4
67.2
69.6
47.1
52.8
75.0
61.9
51.0
56.8
54.4
56.5
41.8
53.5
68.8
54.5
60.0
61.1
62.1
65.7
40.0
35.1
43.9
41.4
46.9
41.9
33.3
57.1
54.2
59.5
42.9
56.6
28.1
33.3
53.1
50.0
53.6
48.1
38.9
62.5
62.5
46.9
50.0
78.9
57.7
46.7
67.4
69.1
68.6
45.1
40.0
67.6
58.3
64.1
58.8
62.1
51.0
50.0
51.6
52.9
50.8
53.5
58.8
49.2
63.2
53.3
64.2
77.4
58.3
52.2
68.4
57.1
60.5
58.8
51.6
53.8
57.4
50.0
48.3
68.8
61.5
61.1
46.9
37.5
42.4
56.6
44.4
74.2
40.5
45.8
63.0
65.5
58.6
69.2
60.7
52.8
62.1
66.7
48.6
54.5
52.5
40.9
65.4
67.9
37.8
45.5
51.5
52.0
56.7
62.0
67.9
57.6
60.0
45.9
50.0
39.5
60.7
41.9
39.1
40.0
64.5
42.5
53.1
47.5
52.6
34.4
59.4
50.0
40.6
62.5
63.6
52.6
50.0
48.1
51.2
53.7
51.2
51.9
48.0
31.6
61.4
45.9
51.3
55.3
57.9
37.3
52.9
59.5
53.8
45.0
52.8
48.8
65.9
52.3
48.5
57.4
45.5
55.6
53.1
42.9
45.2
48.0
46.2
64.3
41.9
51.9
45.0
50.0
36.8
55.2
65.8
50.0
50.0
58.3
65.5
67.6
54.1
56.8
56.7
47.7
47.5
54.5
52.4
50.0
42.9
50.0
51.2
50.0
37.5
45.2
48.6
31.1
65.9
44.4
56.3
76.5
64.9
61.8
51.2
54.5
54.3
43.4
64.0
56.3
62.7
61.2
63.6
79.1
55.9
58.6
48.4
55.0
47.8
58.8
50.0
50.0
39.1
51.2
44.4
45.8
40.7
30.4
47.8
43.8
40.9
26.1
52.9
57.1
64.7
64.2
54.8
51.0
64.6
46.7
44.7
52.8
47.5
40.0
41.5
68.0
51.6
38.7
56.1
60.6
59.3
46.7
66.7
44.0
71.0
59.5
56.4
40.5
38.9
56.3
56.8
55.0
46.4
45.5
53.1
62.5
47.4
43.3
62.5
32.0
80.0
59.5
43.2
36.4
65.0
60.0
41.7
66.7
48.1
45.5
51.6
57.1
59.5
42.9
69.2
57.1
44.4
52.9
44.8
37.5
59.4
38.3
47.2
44.0
67.6
57.7
45.3
44.1
74.2
64.6
62.1
45.2
56.7
40.5
65.0
49.2
51.4
52.8
70.0
66.7
50.0
51.2
58.5
52.8
48.9
39.0
41.2
50.0
65.4
50.0
57.8
63.0
36.4
54.5
48.4
51.5
48.7
41.9
41.2
50.0
50.8
45.9
48.0
40.9
39.2
33.3
56.3
48.4
37.9
53.3
66.7
52.4
45.1
47.6
47.4
50.0
52.1
38.5
40.0
60.0
58.3
40.0
53.8
70.0
49.2
56.7
54.8
47.1
48.8
58.1
50.0
55.6
47.1
47.3
45.9
45.5
64.7
50.0
67.6
58.6
52.5
48.1
57.1
70.0
65.5
61.3
62.5
54.2
51.4
58.3
63.6
72.4
62.8
55.3
58.8
54.5
59.2
71.4
47.6
71.4
38.9
54.9
60.0
73.5
46.7
46.8
46.4
50.0
62.2
54.1
77.1
50.0
56.9
53.3
81.0
52.0
48.5
56.1
52.6
60.0
50.8
41.5
62.5
71.4
40.5
54.8
65.5
79.4
55.2
44.1
78.6
55.9
47.1
63.6
55.0
52.9
41.8
64.4
48.7
41.9
62.5
40.0
57.1
43.5
50.0
47.7
52.0
53.6
58.3
41.7
56.4
61.0
55.4
50.0
61.9
45.8
44.0
40.6
60.7
60.0
64.6
50.0
63.6
74.2
66.7
60.6
41.9
54.5
28.9
45.3
53.7
60.0
50.0
44.7
50.0
63.5
72.7
59.0
58.8
57.9
66.7
52.6
57.7
47.6
58.8
62.1
42.6
56.8
53.8
43.9
52.5
52.9
35.5
73.9
34.6
57.1
50.0
57.1
55.3
64.0
40.3
46.3
48.8
28.0
43.5
41.9
58.3
58.8
61.8
60.0
46.5
65.5
37.5
47.9
50.0
43.5
46.3
45.2
64.1
55.2
44.1
55.6
63.6
54.1
30.6
42.9
48.4
51.7
51.9
39.0
42.1
44.8
34.2
41.5
45.9
30.2
53.7
55.6
62.0
59.6
36.7
26.1
58.3
23.8
39.5
35.3
45.2
55.9
64.7
52.0
57.1
46.9
65.5
45.7
69.0
69.2
40.7
54.2
65.5
54.5
43.3
52.6
57.1
57.6
58.3
56.4
42.3
62.9
55.1
45.2
54.2
66.7
47.9
66.7
48.3
61.1
48.9
54.5
46.0
53.8
63.0
61.1
73.1
61.3
48.6
71.9
52.5
57.9
70.0
40.0
59.0
55.0
26.9
58.8
71.0
52.2
58.6
45.2
67.6
60.0
46.7
61.0
40.0
62.5
45.0
48.5
40.9
54.2
57.1
47.2
50.9
54.5
53.7
55.1
81.8
61.5
51.3
50.0
41.2
54.0
55.0
29.0
65.6
43.5
41.9
59.0
51.7
68.2
50.8
40.5
53.8
67.6
55.0
57.1
41.7
40.0
43.5
40.7
56.3
57.1
73.9
60.5
47.3
52.6
43.2
56.4
69.0
48.1
54.1
47.7
64.0
46.3
56.8
27.8
66.7
51.5
48.6
52.8
65.7
50.9
52.9
52.5
52.6
50.8
59.0
41.9
50.9
48.4
40.0
54.3
54.3
47.5
46.4
38.1
45.1
44.0
50.0
31.0
48.6
57.1
43.3
59.0
72.2
48.0
57.4
63.6
51.5
55.4
48.8
64.4
57.6
48.0
50.0
44.4
45.2
51.7
50.0
43.8
55.6
60.0
71.4
67.7
58.7
56.4
69.2
52.6
52.4
50.0
47.1
35.0
43.8
47.9
45.8
41.0
63.0
60.0
57.6
61.5
51.9
56.8
63.9
74.2
78.6
47.2
43.2
54.2
60.6
59.5
44.0
55.2
51.7
31.8
58.7
42.3
52.8
48.6
50.0
50.0
47.0
43.5
48.6
63.0
51.2
66.7
58.5
27.3
48.4
47.6
48.4
38.3
72.7
63.6
56.4
34.9
52.9
94.7
38.9
35.3
50.0
40.8
53.2
48.6
47.2
55.6
53.1
64.6
55.6
32.3
56.7
37.1
47.5
16.7
58.1
64.3
50.0
43.8
55.0
58.5
59.3
72.4
34.6
66.7
58.3
61.8
61.5
78.6
47.5
51.4
47.8
43.2
70.4
75.9
51.3
48.5
56.7
76.9
66.7
55.3
46.4
44.4
55.1
52.6
49.2
35.3
52.0
45.9
60.0
45.0
59.0
56.4
46.3
52.6
33.3
73.0
55.6
50.0
59.0
36.5
69.2
57.1
54.8
64.0
61.9
41.5
40.7
62.9
45.7
58.8
60.6
45.1
49.1
50.0
54.1
45.2
35.0
52.4
54.3
72.4
55.9
60.9
45.2
60.4
46.6
60.0
59.6
55.6
47.6
44.4
36.1
33.3
62.1
63.0
63.8
43.2
57.6
65.5
51.7
77.8
45.5
53.3
39.5
46.2
42.9
50.0
37.3
46.2
41.2
45.0
45.9
77.8
64.7
57.8
58.3
54.5
51.1
51.4
59.4
66.7
52.0
53.2
50.0
48.5
52.9
44.1
44.4
56.8
40.0
42.6
51.4
56.8
62.3
56.5
52.6
62.1
65.6
62.7
66.7
52.8
49.2
59.3
64.3
37.0
44.0
51.4
59.1
37.5
52.9
54.7
55.9
42.1
39.0
41.9
51.1
44.4
73.7
45.5
56.4
38.7
52.5
63.2
60.0
34.0
55.2
85.7
33.3
47.1
37.2
71.0
25.0
40.8
53.8
51.7
60.6
39.4
48.4
81.0
46.4
45.0
59.3
52.4
48.0
56.7
53.7
67.6
48.9
40.0
75.0
56.1
47.4
52.2
51.4
53.8
61.1
52.0
58.8
58.3
78.9
55.1
57.6
67.6
67.6
58.3
40.6
31.8
50.0
52.5
58.3
35.7
62.5
48.8
58.1
49.1
67.3
57.7
52.5
43.3
36.7
56.1
43.8
50.0
77.4
72.2
79.2
71.4
52.6
51.4
59.3
65.0
53.5
38.9
61.9
62.5
50.0
50.0
56.6
66.7
50.0
45.2
48.9
52.9
46.7
57.6
58.8
63.4
75.9
58.7
76.2
50.0
61.2
44.4
55.6
58.8
30.4
56.7
56.3
49.2
53.7
51.1
46.2
52.8
52.5
59.3
52.4
50.0
40.5
62.8
29.4
47.4
56.6
68.8
51.5
63.2
54.0
61.5
57.1
48.5
58.3
38.7
51.4
33.3
47.1
66.7
50.0
54.2
52.6
51.4
58.1
61.3
69.8
64.1
68.0
56.7
48.7
58.7
54.1
47.1
57.9
52.0
69.4
68.4
51.3
51.9
67.6
53.3
49.0
64.5
54.3
56.1
57.4
41.4
51.4
65.0
56.3
37.9
48.5
50.0
55.6
38.7
57.5
57.1
75.0
45.3
51.6
56.7
63.6
43.2
57.1
61.8
48.1
51.6
46.2
55.3
57.6
52.0
45.9
57.9
50.0
60.6
50.8
44.1
59.3
56.8
51.5
73.9
44.8
52.0
48.1
80.0
63.5
55.3
56.0
61.3
50.0
61.1
51.4
66.7
55.9
55.6
69.7
44.1
55.6
55.3
61.1
66.7
58.7
38.7
47.5
62.2
50.0
51.0
51.8
43.5
75.0
55.8
48.3
44.4
53.5
50.0
42.1
35.0
51.6
41.1
34.4
52.2
60.9
52.5
61.5
65.8
71.4
65.9
73.3
65.4
47.9
38.2
56.9
53.3
65.5
63.0
45.5
47.1
76.0
47.2
50.0
51.7
53.7
55.8
52.9
60.7
46.9
43.3
43.2
49.2
64.8
46.2
36.0
34.6
48.3
32.4
54.9
56.6
70.0
53.5
65.0
45.0
44.7
51.2
44.0
47.2
65.2
75.7
47.4
63.8
57.5
32.7
53.2
41.7
42.4
63.0
50.0
55.6
38.1
55.8
56.4
53.3
48.4
56.8
45.7
53.2
65.0
40.0
59.6
54.2
54.5
90.5
48.1
58.8
77.8
68.8
64.7
73.1
59.6
42.4
54.8
58.6
47.2
50.0
59.5
68.4
45.0
69.0
40.5
58.6
60.9
45.5
43.2
51.7
66.7
34.7
63.6
54.2
62.5
34.1
44.3
71.4
54.3
65.7
61.3
71.4
54.8
61.3
37.9
54.3
61.5
44.8
55.0
61.5
41.2
42.9
40.5
51.5
61.1
47.9
41.7
53.3
56.4
34.1
52.9
32.3
42.6
36.1
46.9
53.1
45.8
60.0
50.0
53.4
42.9
38.5
48.5
54.1
48.1
36.8
78.0
82.4
69.7
67.3
55.4
66.7
62.9
72.4
62.1
55.0
64.3
45.7
56.0
32.0
66.7
52.6
45.2
31.8
55.9
63.6
52.5
53.7
31.3
50.0
51.5
50.0
50.8
40.0
56.5
44.0
46.4
34.3
45.9
61.1
38.7
75.9
56.8
61.0
48.8
61.3
59.7
67.5
46.9
59.5
65.0
63.2
43.5
60.0
52.3
57.1
56.8
46.2
64.5
60.0
72.1
61.5
33.3
37.5
46.7
45.5
55.6
45.5
47.7
42.6
50.0
38.7
60.5
44.8
62.2
72.2
55.3
54.0
57.1
60.5
50.0
42.1
44.0
41.9
45.2
21.6
47.6
63.6
59.1
50.0
65.2
47.6
50.0
52.5
47.2
41.0
60.0
46.2
75.9
53.6
55.6
46.5
44.1
45.0
46.9
54.2
55.6
48.1
54.1
54.2
46.3
78.8
47.5
57.7
56.1
57.7
54.5
48.3
72.4
58.3
62.9
57.1
51.7
42.9
48.8
51.6
67.6
48.5
41.2
44.0
50.0
46.7
42.9
41.7
51.7
51.6
60.6
61.1
65.0
60.0
67.6
69.2
40.0
47.4
53.8
38.5
43.9
57.1
40.8
39.3
55.0
58.3
54.5
50.0
66.7
56.1
48.0
55.9
54.3
56.5
48.4
63.9
54.8
54.8
52.2
53.8
50.0
58.3
60.0
57.8
48.6
53.8
62.2
66.7
48.0
69.2
59.4
58.8
35.7
42.9
63.8
48.4
66.7
67.4
46.8
65.2
51.9
62.8
52.2
54.3
45.0
69.2
51.6
61.4
32.3
52.7
65.8
41.7
62.5
49.2
33.3
41.7
55.0
54.2
52.6
46.3
49.2
43.8
48.5
56.8
51.7
68.0
66.7
53.7
53.8
37.5
40.0
59.6
53.6
48.4
62.1
45.5
44.8
66.7
55.4
42.9
36.4
51.0
57.5
36.6
47.1
64.2
49.2
54.0
127.3
40.0
64.1
36.4
60.0
45.0
59.4
55.8
40.0
34.5
50.0
50.0
24.1
40.4
50.8
57.1
57.1
38.2
45.2
60.0
54.5
81.3
46.3
58.3
45.0
53.4
47.1
41.9
50.0
38.5
54.1
50.0
52.9
57.1
48.3
74.3
49.2
46.2
52.6
55.6
60.0
44.0
44.4
27.0
63.6
42.1
37.7
34.0
48.6
46.3
51.4
39.3
53.3
55.9
57.1
54.8
61.3
55.0
48.8
52.0
50.0
69.2
65.5
55.0
58.1
41.5
56.5
38.2
49.2
57.7
31.1
36.7
63.6
58.0
56.4
40.5
61.9
68.5
48.6
64.0
73.1
78.4
51.4
51.4
48.4
56.7
62.5
57.1
75.0
72.0
63.8
48.7
39.3
42.9
69.4
65.4
50.0
55.1
62.5
41.4
40.0
60.0
59.3
35.3
41.9
48.3
51.9
40.0
40.0
50.9
52.5
60.0
56.5
60.0
40.8
56.8
55.0
93.3
65.9
63.6
58.8
64.9
55.3
64.1
65.6
54.3
50.0
48.6
90.0
41.7
51.3
65.0
51.5
67.3
59.3
47.5
52.9
65.5
53.1
51.6
55.1
30.0
67.9
63.3
57.6
49.2
53.7
43.5
43.1
40.0
48.5
20.8
50.0
27.3
43.9
39.4
42.4
60.0
71.8
52.4
54.5
63.3
66.0
32.3
59.5
57.1
56.5
66.7
47.8
54.5
37.9
52.9
53.7
50.0
50.0
55.6
52.4
54.5
36.4
56.8
63.8
54.5
44.1
45.0
64.3
50.0
58.3
36.7
60.3
63.3
57.6
57.1
60.0
41.4
51.6
48.5
60.9
50.0
63.0
51.9
71.4
43.2
47.9
44.1
52.6
39.1
33.3
56.5
41.0
46.9
56.9
50.0
64.6
76.2
56.5
57.4
37.5
44.4
74.5
35.9
56.8
53.1
50.0
39.3
58.6
60.0
60.0
44.0
52.4
51.9
50.9
47.5
55.2
53.1
67.4
47.4
74.1
61.9
61.8
47.6
55.6
47.6
57.5
58.1
54.2
50.0
50.0
51.4
60.0
51.4
41.2
40.7
59.6
50.0
46.6
63.3
68.4
55.2
55.3
42.9
58.5
61.0
59.5
53.3
47.5
69.2
50.0
54.8
47.1
67.9
60.0
51.5
53.2
50.0
44.0
48.8
47.5
63.2
54.1
43.2
69.2
44.8
47.2
45.5
64.0
63.2
55.2
55.1
49.1
48.8
48.6
41.9
43.3
38.9
38.2
53.3
56.3
38.9
35.8
45.5
47.5
57.9
59.3
47.4
55.2
48.0
61.1
34.8
59.5
50.0
54.8
63.6
48.0
50.0
52.3
61.8
50.8
43.3
52.9
54.9
58.1
45.7
43.9
46.7
55.6
59.4
60.0
60.0
44.7
74.4
49.0
53.1
56.8
51.5
55.0
48.3
54.5
52.2
48.0
39.5
51.3
45.0
48.6
63.9
60.4
54.5
63.0
53.3
42.2
68.4
44.0
50.0
54.8
33.3
47.7
37.5
75.9
57.6
62.7
38.5
62.5
64.2
51.9
52.6
58.7
41.7
58.3
42.1
45.5
59.1
62.5
45.0
55.2
52.6
61.4
70.8
51.5
36.1
50.0
46.9
