50.0
95.0
68.0
57.1
62.5
75.8
61.9
59.4
47.8
61.9
66.7
79.3
69.0
44.1
66.7
56.7
53.1
50.0
53.1
43.8
61.0
50.0
61.1
55.6
50.0
60.0
52.4
52.0
65.0
60.5
55.6
58.8
66.7
53.1
52.9
67.9
62.2
50.0
58.0
55.0
65.4
48.8
63.0
59.6
46.2
46.9
57.6
47.8
61.1
53.7
45.0
59.1
65.8
56.3
67.3
61.1
74.5
57.1
63.9
55.0
77.4
51.7
44.0
53.7
61.0
58.5
72.0
72.3
62.2
55.9
57.6
74.2
69.2
69.6
62.5
63.8
66.7
69.4
80.4
81.3
52.6
56.8
63.6
87.9
60.5
50.0
46.7
85.3
52.1
75.0
55.9
60.0
39.0
60.9
55.0
80.0
63.9
64.9
50.0
66.7
53.2
50.0
64.2
65.5
59.5
56.8
61.3
37.9
64.3
47.8
56.4
57.9
68.0
60.7
58.6
50.0
65.7
58.3
68.4
58.3
47.6
55.3
68.2
56.7
59.5
71.4
57.1
72.2
69.4
65.1
59.5
59.7
48.8
52.4
59.3
86.0
72.2
78.3
61.5
68.6
92.9
100.0
63.3
52.4
59.1
66.7
66.7
67.4
75.0
54.7
42.4
61.3
60.6
56.5
65.1
67.9
50.0
67.4
57.7
69.7
57.9
45.9
62.1
55.3
53.5
34.2
68.0
68.4
48.3
61.9
80.0
75.0
53.6
47.1
42.9
61.8
46.8
48.8
64.5
61.5
59.5
39.5
68.6
72.9
64.4
123.8
92.6
79.1
54.3
76.5
58.3
73.8
58.3
56.0
62.2
54.1
55.6
66.7
38.9
60.0
52.5
47.1
55.1
61.8
47.9
52.8
72.3
100.0
66.7
70.0
61.9
62.5
62.7
61.0
72.5
57.9
65.9
56.8
63.3
63.6
34.6
52.4
65.3
50.0
63.8
50.0
47.6
71.4
51.3
50.0
66.1
68.3
75.0
64.9
72.0
48.0
66.7
55.6
66.7
71.9
60.0
71.4
61.9
63.4
61.0
58.6
70.9
60.0
40.0
51.4
58.1
64.5
66.7
40.7
61.1
72.0
55.2
66.7
55.9
66.7
58.3
55.0
48.7
55.2
47.5
48.9
60.6
51.4
70.2
40.5
59.4
53.4
56.1
57.7
66.7
54.8
52.0
40.5
62.5
57.7
62.7
54.8
57.1
66.7
49.0
39.0
63.2
60.5
47.0
76.9
65.8
60.4
60.8
48.4
73.0
66.7
71.7
53.7
72.4
72.7
70.8
71.0
54.1
66.7
70.3
61.3
66.0
48.5
53.3
51.4
41.3
58.8
53.7
59.0
50.0
71.9
45.9
51.5
54.5
61.3
57.4
45.9
63.3
64.5
53.3
64.0
70.2
48.6
76.5
62.9
61.3
63.0
71.9
60.0
53.8
69.4
49.2
55.2
82.8
61.5
59.1
54.5
50.0
68.8
54.1
68.4
50.0
57.8
42.2
47.2
63.6
47.2
44.6
38.2
48.4
58.1
59.6
44.0
57.8
60.5
55.6
43.8
65.6
45.5
72.4
78.0
82.6
69.0
75.6
61.3
69.7
73.5
69.6
59.5
42.9
88.0
59.1
61.1
52.4
55.2
52.0
35.5
54.5
58.7
73.7
60.5
51.9
69.0
64.9
56.3
58.1
51.7
66.7
58.9
47.4
51.6
60.0
47.1
40.0
60.0
50.0
58.5
55.6
60.0
57.5
52.1
73.5
69.6
75.0
67.4
71.8
54.8
70.2
25.0
62.9
84.2
69.6
62.5
63.4
64.3
68.6
60.0
58.1
55.6
47.4
53.2
69.2
64.0
67.4
57.1
56.4
35.7
57.1
53.6
54.8
58.1
57.1
58.6
52.4
63.2
51.5
51.8
52.3
67.3
60.4
56.7
50.0
61.1
64.0
54.0
81.8
64.3
57.1
62.8
63.9
60.0
56.7
45.2
59.5
71.4
64.7
45.2
60.4
48.7
53.4
43.2
54.5
37.0
50.0
46.3
50.0
66.7
56.3
46.8
60.0
61.2
60.9
28.9
60.0
60.5
61.9
57.9
60.7
60.0
51.1
45.9
66.7
55.2
63.9
66.7
72.7
70.0
61.1
61.9
58.3
62.1
56.8
58.8
65.2
47.1
66.7
60.0
57.7
65.2
51.4
63.5
60.9
65.3
69.4
51.4
57.8
58.8
60.0
64.5
63.6
51.4
66.7
55.0
55.6
56.8
52.7
61.1
56.0
51.7
60.0
47.4
49.2
56.5
47.1
34.4
50.0
45.5
45.5
68.0
45.9
42.1
63.6
55.6
59.5
45.2
43.3
56.4
61.8
59.4
48.0
73.3
66.7
41.2
61.0
47.6
75.0
61.8
69.7
66.7
58.3
55.6
56.4
48.7
55.9
46.7
55.1
50.0
68.8
68.2
53.3
47.8
72.7
71.4
62.7
56.7
80.6
62.5
72.4
65.9
83.3
55.6
76.9
81.3
65.4
75.0
66.0
53.7
69.2
52.2
65.1
67.5
75.0
50.0
59.5
55.8
53.6
58.6
63.9
61.7
59.0
54.5
65.9
45.5
62.5
57.7
77.1
68.6
58.8
55.6
54.5
56.0
59.6
60.6
63.0
59.1
36.0
50.0
60.0
63.3
71.4
77.8
47.4
61.4
48.8
55.6
51.7
67.3
65.2
41.2
56.7
52.2
56.8
66.7
50.0
53.7
66.7
62.2
87.5
63.8
56.8
73.5
53.5
51.1
63.0
60.7
73.5
60.0
63.6
71.4
64.6
43.3
40.0
44.4
36.1
65.9
67.6
53.4
37.8
51.2
50.0
62.5
48.6
51.5
61.8
56.7
41.9
68.9
72.2
65.2
63.9
32.4
63.6
56.5
58.3
73.2
70.5
62.5
58.8
69.4
75.0
61.9
53.1
67.6
64.9
52.2
54.5
48.8
65.6
51.5
60.0
58.3
63.8
71.4
54.3
43.9
41.5
48.3
46.9
38.7
47.6
53.6
54.2
67.6
59.5
73.6
43.8
30.0
51.6
63.8
50.0
61.5
44.4
43.8
68.8
46.9
62.5
68.4
71.2
63.3
67.4
61.8
74.3
60.8
48.6
70.3
69.4
69.2
64.7
89.7
67.3
75.0
58.1
61.8
54.1
60.5
58.8
64.6
65.8
70.0
67.9
74.2
72.2
52.2
78.9
58.7
73.7
67.6
56.3
66.7
59.3
66.7
58.6
68.8
76.9
83.3
56.3
45.8
53.0
58.5
48.1
67.7
56.8
50.0
66.7
75.9
63.8
61.5
64.3
69.4
65.5
51.5
56.8
63.6
64.4
50.0
65.4
46.4
43.2
42.4
63.6
52.0
66.7
68.0
57.1
60.6
50.0
62.2
52.8
57.9
62.5
61.3
69.6
56.0
71.0
67.5
46.9
57.5
66.7
40.6
56.3
50.0
53.1
70.0
60.6
61.4
53.1
51.9
46.5
58.5
48.8
66.7
60.0
47.4
61.4
73.0
56.4
55.3
63.2
51.0
58.8
59.5
61.5
60.0
55.6
48.8
63.4
52.3
63.6
63.0
71.2
70.4
78.1
35.7
50.0
44.0
61.5
64.3
48.4
53.8
65.0
52.5
55.3
51.7
60.5
83.3
50.0
60.4
69.0
97.1
64.9
63.6
76.7
53.8
57.6
59.1
57.1
62.5
42.9
58.8
46.5
64.3
54.2
42.9
40.5
40.0
68.3
46.7
62.5
70.6
70.3
61.8
53.7
58.2
65.7
62.3
68.0
62.5
71.2
67.3
72.7
83.7
70.6
62.1
59.4
70.0
63.8
79.4
62.0
71.1
50.0
70.7
50.0
56.3
51.9
56.5
50.0
62.5
47.7
45.7
54.9
57.1
64.7
60.4
45.2
52.9
62.5
50.0
61.7
58.3
55.0
52.7
41.5
72.0
64.5
38.7
63.2
66.7
67.8
63.3
75.0
56.0
67.7
67.6
76.9
59.5
44.4
59.4
65.9
65.0
67.9
59.1
59.4
62.5
54.4
53.3
66.7
72.0
73.3
67.6
59.5
45.5
62.5
57.5
50.0
73.3
51.9
57.6
54.7
57.1
59.5
42.9
84.6
65.7
55.6
58.8
53.4
50.0
59.4
51.1
52.8
64.0
67.6
53.8
53.1
50.0
74.2
62.5
65.5
64.5
66.7
51.4
70.0
45.8
67.6
61.1
65.0
70.8
55.3
65.9
67.9
75.0
66.7
56.1
70.6
76.3
80.8
65.0
64.4
77.8
63.6
59.1
54.8
66.7
48.7
51.6
50.0
57.1
54.2
48.6
56.0
40.9
47.1
51.3
37.5
53.1
48.3
60.0
66.7
33.3
45.1
38.1
65.8
50.0
64.6
46.2
53.3
84.0
55.6
46.7
69.2
60.0
60.3
50.0
54.8
58.8
51.2
65.1
58.3
48.1
58.8
52.7
45.9
48.5
67.6
55.9
55.9
60.3
55.9
48.1
65.7
60.0
69.0
61.3
75.0
54.2
62.9
50.0
63.6
69.0
60.5
60.5
64.7
63.6
63.3
60.7
54.8
69.4
55.6
56.9
70.0
88.2
70.0
61.7
75.0
53.7
70.3
62.2
80.0
56.3
56.9
70.0
76.2
54.0
57.6
70.7
50.0
57.1
47.6
48.8
62.5
60.7
54.1
54.8
69.1
79.4
58.6
58.8
85.7
58.8
44.1
69.7
55.0
64.7
54.5
66.7
53.8
58.1
62.5
46.7
57.1
46.8
47.5
56.8
56.0
67.9
61.1
47.2
66.7
62.7
67.9
65.8
90.5
75.0
88.0
65.6
60.7
63.6
67.7
46.4
60.6
54.8
63.6
63.6
64.5
57.6
44.7
52.8
63.4
75.6
66.7
34.2
56.3
60.3
60.6
56.4
52.9
65.8
74.1
57.9
59.6
57.1
55.9
55.2
57.4
56.8
53.8
58.5
63.9
52.9
58.1
69.6
65.4
69.0
52.3
57.1
74.5
76.0
56.5
58.5
61.0
44.0
47.8
39.5
58.3
61.8
67.6
62.0
58.1
72.4
37.5
58.3
56.7
50.0
51.2
51.6
59.0
51.7
50.0
63.9
65.5
45.9
37.5
51.4
54.8
51.7
51.9
63.4
52.6
51.7
36.8
48.8
59.5
46.5
51.2
60.0
52.0
56.1
55.0
52.2
54.2
38.1
47.4
55.9
45.2
59.3
61.8
74.0
53.6
65.6
79.3
65.7
69.0
61.5
46.3
68.8
62.1
66.7
56.7
57.9
50.0
54.5
61.1
54.5
53.8
57.1
53.1
40.5
66.7
66.7
56.3
63.3
62.1
66.7
64.4
69.7
46.0
57.7
66.7
61.1
73.1
64.5
57.1
59.4
52.5
73.7
80.0
44.0
69.2
62.5
73.1
73.5
64.5
60.9
62.1
41.9
61.8
56.0
50.0
61.0
54.5
81.3
55.0
54.5
47.7
54.2
52.4
62.3
65.5
58.2
55.6
46.9
72.7
65.4
61.5
47.6
44.1
50.8
63.3
35.5
59.4
47.8
54.8
61.5
50.0
50.0
59.0
51.4
53.8
70.6
45.0
51.4
63.9
65.0
59.7
57.6
78.1
57.1
82.6
65.8
52.7
73.7
40.5
61.5
89.7
66.7
64.9
61.4
64.0
53.7
67.6
38.9
73.3
66.7
51.4
58.3
57.1
61.8
55.9
52.5
47.4
62.7
74.4
61.3
49.1
58.1
43.3
62.9
63.0
50.0
67.9
54.8
49.0
52.0
56.1
48.3
45.9
67.9
53.3
61.5
66.7
64.0
67.2
72.7
66.7
61.5
56.1
68.9
72.7
54.0
55.6
51.9
47.6
62.1
46.0
46.9
50.0
64.0
67.9
67.7
60.9
66.7
69.2
71.1
57.1
79.5
64.7
55.0
53.1
62.5
79.2
53.8
66.7
73.3
50.8
53.8
51.9
59.1
58.3
61.3
55.4
55.6
59.5
70.8
63.6
57.1
56.0
62.1
61.7
36.4
65.1
46.2
58.3
51.4
61.5
52.9
57.6
39.1
54.1
63.0
56.1
69.7
67.9
63.6
59.4
52.4
61.3
46.8
63.6
72.7
76.9
46.5
47.1
94.7
52.8
43.1
55.0
49.0
55.3
37.1
56.6
44.4
59.4
68.8
66.7
48.4
60.0
60.0
62.7
41.7
56.5
57.1
60.5
59.4
60.0
53.7
57.4
86.2
50.0
57.1
58.3
64.7
80.8
67.9
69.5
51.4
47.8
47.7
63.0
65.5
46.2
42.4
63.3
76.9
75.8
63.2
57.1
48.9
46.9
36.8
54.2
58.8
48.0
54.1
60.0
57.5
69.2
64.1
46.3
44.7
60.0
70.3
61.1
50.0
64.1
42.3
84.6
58.9
58.1
56.0
61.9
48.8
55.6
65.7
45.7
67.6
63.6
60.8
43.4
45.0
40.5
48.4
40.0
47.6
37.1
65.5
67.6
50.0
54.8
66.7
60.3
50.0
71.2
55.6
42.9
66.7
58.3
40.0
79.3
66.7
72.5
43.2
75.8
69.0
58.3
96.3
40.9
60.0
36.8
69.2
53.6
52.2
41.2
43.6
73.5
35.0
73.0
77.8
70.6
62.2
68.8
48.5
53.2
51.4
62.5
66.7
52.0
57.4
50.0
45.5
44.1
45.8
51.9
47.7
53.3
50.0
62.2
45.9
73.6
60.9
68.4
58.6
71.9
68.6
62.5
66.7
61.0
59.3
64.3
77.8
64.0
78.4
70.5
46.9
64.7
64.2
55.9
54.4
41.5
51.6
55.6
40.7
63.2
54.5
56.4
51.6
47.5
60.5
51.1
47.2
59.7
71.4
42.4
51.0
37.2
67.7
34.4
49.0
57.7
56.7
66.7
42.4
67.7
76.2
46.4
45.0
75.9
52.4
60.0
50.0
58.5
62.2
53.3
56.0
70.0
61.4
47.4
60.9
54.3
63.5
63.9
60.0
64.7
52.8
86.8
65.3
69.7
67.6
81.1
62.5
51.6
50.0
52.3
57.5
55.6
40.5
57.5
51.2
64.5
58.5
67.3
46.2
42.5
46.7
53.3
51.2
50.0
81.3
75.5
46.3
70.8
65.3
52.6
42.9
74.6
80.0
67.4
55.6
57.1
58.3
60.0
61.9
58.5
66.7
46.9
48.4
53.2
50.0
44.4
54.5
58.8
61.0
69.0
65.2
57.1
63.6
67.3
63.9
55.6
66.7
30.4
60.0
71.9
46.0
41.5
60.0
53.8
55.6
64.4
51.9
57.1
50.0
54.8
58.1
41.2
57.9
52.8
59.4
48.5
55.3
56.0
69.2
62.9
39.4
68.3
54.8
51.4
54.2
67.6
69.2
60.0
62.5
70.2
56.8
71.0
61.3
67.4
69.2
64.0
66.7
43.6
58.7
62.2
60.8
60.5
52.0
67.7
84.2
64.1
55.6
78.4
57.8
63.3
61.3
54.3
51.2
57.4
37.9
51.4
50.0
56.3
48.3
53.0
58.3
55.6
48.4
52.5
53.6
77.5
66.0
67.2
60.0
63.6
40.9
57.1
65.5
55.6
41.9
50.0
53.2
66.1
44.0
54.1
65.8
57.1
57.6
68.9
50.0
59.3
70.3
75.8
56.5
58.6
64.0
55.8
86.7
58.7
55.3
52.0
54.8
52.4
50.0
51.4
58.7
52.9
66.7
66.7
52.9
58.3
65.8
50.0
73.3
60.9
29.0
55.0
67.6
52.2
60.8
46.4
43.5
70.8
65.4
41.4
50.0
48.8
46.9
47.4
60.0
62.9
60.7
53.1
52.2
52.2
60.0
61.5
68.4
71.4
68.3
93.3
76.9
52.1
67.6
56.9
60.0
65.5
59.3
63.6
51.0
64.0
50.0
50.0
60.3
56.1
48.8
44.1
60.7
46.9
46.7
56.8
53.8
68.5
74.4
60.0
42.3
48.3
45.9
58.8
60.4
60.0
79.1
70.0
35.0
55.3
61.0
56.0
50.0
78.3
73.0
50.0
57.4
70.0
47.3
56.5
41.7
57.6
59.3
60.0
58.3
54.8
74.4
59.0
73.3
62.9
73.0
57.1
61.7
77.5
49.1
61.4
54.2
60.0
71.4
59.3
70.6
81.5
71.9
55.9
73.1
57.9
54.5
57.1
72.4
50.0
61.8
51.4
68.4
56.7
66.7
67.6
58.6
56.5
45.5
56.8
53.3
72.2
49.0
63.6
58.3
62.5
48.8
59.0
71.4
62.9
82.9
67.7
67.9
58.1
80.6
47.0
65.7
69.2
48.3
40.0
76.9
52.9
50.0
45.9
57.6
63.9
47.9
41.7
66.7
69.2
46.3
55.9
41.9
55.3
36.1
46.9
53.1
52.1
52.0
63.5
58.6
54.3
53.8
60.6
56.8
59.3
52.6
86.0
100.0
97.0
65.4
69.6
66.7
82.9
86.2
55.2
53.3
57.1
62.9
64.0
56.0
66.7
55.3
61.9
40.9
55.9
60.6
45.0
57.4
56.3
43.3
50.0
50.0
55.6
48.9
65.2
52.0
50.0
31.4
65.6
55.6
58.1
82.8
52.3
68.3
61.0
80.6
74.2
75.0
56.3
64.3
70.0
57.9
47.8
67.5
61.5
81.0
73.0
51.3
74.2
66.7
69.8
53.8
66.7
56.3
58.3
59.1
53.3
69.7
61.4
51.1
53.1
54.8
65.8
41.4
62.2
69.4
68.1
64.0
68.6
60.5
67.6
73.7
68.0
55.8
61.9
54.1
57.1
68.2
61.4
58.8
73.9
76.2
58.3
65.0
58.3
55.7
54.5
56.4
75.9
71.4
55.6
60.5
58.8
50.0
62.5
47.9
61.1
61.1
54.1
62.5
70.1
100.0
55.0
65.4
51.2
88.5
75.8
51.7
65.5
66.7
60.0
63.3
48.3
42.9
53.7
45.2
73.5
51.5
52.9
48.0
60.7
60.0
39.3
38.9
56.9
67.7
60.6
58.3
60.0
64.0
64.7
64.1
53.3
63.2
59.6
57.7
41.5
63.3
61.2
57.1
55.0
83.3
60.6
50.0
74.4
68.3
60.0
55.9
60.0
74.2
70.3
61.1
61.3
71.0
58.7
73.1
57.1
50.0
70.0
62.2
57.1
71.2
62.2
62.5
92.0
82.7
78.1
60.8
54.8
75.0
61.7
51.6
66.7
79.1
54.8
78.3
70.4
62.8
56.5
62.9
63.3
84.6
54.8
50.0
54.8
61.8
78.9
44.4
71.9
59.0
61.1
66.7
85.0
41.7
60.5
51.2
52.4
53.1
57.6
64.9
65.5
64.0
63.6
65.9
66.2
34.4
55.6
70.2
60.7
54.8
72.4
54.5
44.8
52.4
53.6
44.9
63.6
63.3
72.5
43.9
38.2
64.2
44.3
48.0
90.9
56.0
74.4
38.6
74.3
45.0
65.6
61.5
47.5
48.3
47.9
43.8
34.5
54.4
54.2
53.6
50.0
55.9
45.2
64.4
74.2
125.0
63.4
83.3
57.5
65.5
47.1
41.9
57.1
61.5
54.1
67.9
50.0
53.6
65.5
68.6
55.7
61.5
71.9
58.3
60.0
64.0
51.9
37.8
60.6
63.2
45.3
36.0
48.6
61.1
56.8
57.1
53.3
58.8
49.2
67.7
77.4
60.0
53.5
40.0
42.9
53.8
67.2
67.5
71.0
50.8
65.2
55.9
54.1
57.7
59.0
46.9
63.6
70.0
56.4
47.6
47.6
83.3
59.5
60.0
76.9
74.5
54.1
45.7
45.3
60.0
65.6
73.5
70.0
72.0
57.4
61.5
50.0
57.1
59.2
73.1
52.4
59.2
75.0
58.6
58.0
60.0
64.4
50.0
61.3
48.3
48.1
55.0
55.0
56.1
52.5
74.3
73.9
50.0
44.9
64.9
60.0
100.0
68.2
66.7
72.5
62.2
51.1
64.1
50.0
76.1
58.1
56.8
90.0
41.7
59.0
67.5
54.5
58.2
67.8
55.0
52.9
82.8
62.5
67.7
59.4
35.0
60.7
56.7
60.6
50.8
61.0
58.7
47.7
50.8
57.6
41.7
46.2
27.3
36.6
51.5
63.6
74.3
69.2
59.5
66.7
60.0
74.0
61.3
73.8
71.4
58.0
66.7
60.9
68.2
65.5
73.5
61.0
55.9
55.8
48.1
52.4
60.6
47.7
59.1
57.4
54.5
52.5
42.5
64.3
58.9
45.8
56.7
67.2
60.0
67.8
65.7
76.7
75.9
58.1
57.6
54.7
50.0
48.1
59.3
60.7
59.5
52.1
47.1
65.8
51.6
57.1
60.9
61.5
68.8
62.7
58.3
76.9
71.4
82.6
63.8
62.5
63.9
94.1
56.4
56.8
62.5
50.0
55.4
69.0
63.3
60.0
36.0
47.6
51.9
54.5
57.5
62.1
59.4
62.8
63.2
70.7
73.8
64.7
47.6
66.7
57.1
70.0
58.1
60.4
55.0
53.1
54.3
60.0
54.1
52.9
48.1
69.2
70.0
53.4
73.5
86.8
51.7
66.0
42.9
79.2
61.0
75.7
73.3
50.0
84.6
63.3
61.3
61.8
64.3
67.3
60.6
57.4
57.9
72.0
39.5
35.6
63.2
54.1
61.4
65.4
48.3
75.0
39.4
68.0
68.4
65.5
57.1
66.0
67.4
48.6
41.9
52.2
50.0
52.9
53.3
65.6
52.8
52.8
54.5
45.8
55.3
70.4
52.6
69.0
64.0
52.8
45.7
64.3
57.1
64.3
90.9
72.0
57.1
59.1
55.9
54.2
46.7
64.7
52.9
45.2
48.6
48.8
40.0
63.9
59.4
60.0
50.0
63.2
76.9
51.0
57.1
64.9
63.6
65.0
53.4
63.6
69.6
52.0
55.3
66.7
60.0
71.4
52.8
58.3
63.6
70.4
57.8
53.1
89.5
54.0
83.3
54.8
46.7
61.4
50.0
75.9
54.5
68.6
46.2
59.4
64.2
48.1
55.3
60.3
50.0
52.1
49.1
48.5
59.1
62.5
57.5
51.7
63.2
70.5
68.8
42.4
47.2
52.5
50.0
