35.3
65.0
60.0
59.5
57.5
60.6
55.6
40.6
54.3
61.9
60.6
55.2
44.8
38.2
50.0
53.3
53.1
33.3
56.3
68.8
61.0
45.0
44.4
40.7
45.8
43.3
61.9
44.0
50.0
50.0
49.2
58.8
50.0
46.9
50.0
56.6
45.9
46.2
46.4
50.0
65.4
27.9
44.4
36.8
46.2
40.6
48.5
43.5
44.4
46.3
50.0
45.5
47.4
56.3
52.7
41.7
56.4
32.1
44.4
55.0
64.5
55.2
44.0
59.3
43.9
50.9
68.0
70.2
62.2
58.8
51.5
64.5
53.8
58.7
58.3
55.2
60.0
69.4
66.7
43.8
47.4
38.6
50.0
57.6
51.2
50.0
53.3
67.6
58.3
56.3
29.4
56.7
34.1
56.5
50.0
76.7
47.2
45.9
50.0
44.4
53.2
55.9
47.2
58.6
45.9
43.2
51.6
37.9
50.0
26.1
52.7
42.1
72.0
57.1
55.2
62.5
48.6
54.2
54.4
38.9
38.1
44.7
52.3
43.3
45.9
50.0
38.1
36.1
58.3
48.8
54.1
46.8
44.2
40.5
44.1
48.8
55.6
47.8
46.2
40.0
67.9
64.5
53.3
52.4
50.0
59.0
52.8
50.0
57.5
45.3
36.4
45.2
33.3
43.5
58.1
39.3
36.8
46.5
53.8
57.6
60.5
48.6
48.3
42.6
48.8
39.5
64.0
56.1
62.1
57.1
70.0
66.7
46.4
58.8
45.7
55.9
37.1
34.1
41.9
50.0
45.9
37.2
45.7
59.3
45.8
76.2
59.3
51.2
50.0
61.8
50.0
70.5
66.7
64.0
62.2
54.1
55.6
60.6
38.9
54.5
45.8
41.2
51.0
55.9
45.8
38.9
66.0
68.4
57.9
50.0
66.7
62.5
37.3
51.2
42.5
49.1
38.6
35.1
40.0
72.7
38.5
47.6
46.9
37.5
57.4
50.0
35.7
61.9
46.2
46.0
49.2
46.7
53.1
54.1
48.0
32.0
40.7
36.1
59.0
50.0
47.5
60.7
59.5
65.9
46.3
44.8
60.0
54.0
30.0
34.3
61.3
54.8
44.4
33.3
50.0
48.0
44.8
53.3
61.8
42.4
58.3
45.0
38.5
58.6
47.5
48.9
45.5
54.3
55.3
35.1
46.9
50.0
49.1
46.2
47.6
58.1
28.0
43.2
50.0
30.8
62.7
48.4
66.7
57.1
43.1
39.0
52.6
48.8
37.9
46.2
52.6
47.9
41.2
51.6
62.2
63.3
65.0
61.0
69.0
76.4
66.7
74.2
45.9
53.8
45.9
54.8
44.7
42.4
44.4
43.2
44.4
52.9
48.8
51.3
38.5
56.3
27.0
39.4
42.4
38.7
59.0
45.9
63.3
51.6
42.2
48.0
64.9
48.6
58.8
60.0
51.6
51.9
62.5
46.7
38.5
86.1
44.6
37.9
51.7
43.6
45.5
54.5
40.9
62.5
37.8
52.6
53.6
44.4
37.8
47.2
51.5
33.3
50.0
41.2
48.4
35.5
42.6
24.0
50.0
52.6
44.4
15.6
53.1
45.5
62.1
63.4
56.5
55.2
61.0
48.4
48.5
57.1
60.9
45.2
42.9
64.0
50.0
59.3
45.2
34.5
50.0
51.6
51.5
56.5
57.9
37.2
48.1
79.3
54.1
37.5
50.0
51.7
57.1
51.8
39.5
54.8
54.3
47.1
50.0
35.0
44.4
56.6
66.7
57.1
47.5
52.1
67.6
56.5
50.0
56.5
46.2
54.8
57.4
33.3
45.7
68.4
51.8
46.9
63.4
50.0
40.0
62.9
51.6
58.3
52.6
38.3
41.0
62.0
56.5
48.6
48.7
42.9
37.5
42.9
57.1
46.5
38.1
31.0
42.9
39.5
45.5
42.9
43.2
53.1
39.6
33.3
50.0
44.4
60.0
36.0
47.7
53.6
62.9
46.5
50.8
68.0
50.0
32.3
48.6
66.7
50.0
45.2
52.8
41.0
41.4
40.5
33.3
40.7
46.4
36.6
61.8
43.3
50.0
27.7
45.0
40.8
45.7
28.9
44.0
42.1
40.5
55.3
42.9
42.2
40.4
35.1
37.0
44.8
44.3
62.2
52.3
53.3
55.6
45.2
46.7
55.2
43.2
58.8
60.9
33.3
47.2
60.0
46.2
47.8
48.6
67.3
65.2
65.3
55.6
51.4
57.8
41.2
47.3
51.6
38.6
45.9
63.0
45.0
50.0
51.4
50.9
55.6
48.0
62.1
62.0
52.6
43.1
47.8
47.1
37.5
40.0
48.5
43.2
48.0
36.1
31.6
54.5
37.0
62.2
35.5
30.0
56.4
50.0
46.9
44.0
43.3
71.4
43.1
53.7
52.4
57.1
73.5
57.6
52.8
66.7
61.1
54.5
48.7
52.9
31.7
51.0
41.7
50.0
54.5
43.3
52.2
63.6
64.3
52.9
56.7
80.6
58.3
65.5
61.4
68.3
55.6
69.2
68.8
57.7
62.5
53.2
63.4
56.4
47.8
58.1
52.5
59.4
31.0
54.8
48.8
51.8
41.4
44.4
46.8
43.6
48.5
59.1
45.5
52.5
57.7
62.9
51.4
38.2
41.7
38.2
52.0
51.9
39.4
53.7
63.6
40.0
23.5
50.0
66.7
46.4
50.0
50.0
54.5
43.9
48.1
34.5
63.3
52.2
47.1
53.3
52.2
61.4
45.5
57.5
43.9
47.6
51.4
62.5
46.8
54.5
44.1
53.5
33.3
68.5
53.6
64.7
50.0
69.7
67.9
56.3
40.0
32.0
48.1
38.9
53.7
70.6
50.0
40.0
41.5
30.6
62.5
24.3
54.5
35.3
47.8
41.9
46.7
53.7
53.0
55.6
44.1
45.5
47.8
52.8
58.5
62.3
57.1
50.0
52.8
75.0
57.1
51.0
43.2
59.6
56.5
41.8
46.5
62.5
54.5
57.1
52.8
51.7
65.7
45.7
40.4
36.6
44.8
34.7
38.7
31.0
57.1
37.5
45.9
40.5
54.7
21.9
23.3
53.1
44.8
42.9
55.8
33.3
59.4
59.4
40.6
37.5
63.2
57.7
46.7
62.8
58.2
62.9
49.0
45.7
51.4
61.1
69.2
55.9
65.5
46.9
50.0
51.6
47.1
45.9
58.1
47.1
52.3
60.5
63.3
64.2
67.7
63.9
58.7
68.4
49.2
55.3
67.6
46.9
56.4
50.0
50.0
48.3
46.9
57.7
50.0
50.0
33.3
37.9
54.7
40.7
64.5
35.1
39.6
63.0
48.3
58.6
57.7
57.1
52.8
62.1
51.5
45.9
51.5
49.2
27.3
57.7
57.1
40.5
36.4
42.4
44.0
60.0
70.0
46.4
48.5
56.7
45.9
47.2
42.1
53.6
41.9
39.1
40.0
58.1
42.5
53.1
50.0
49.1
25.0
53.1
60.0
40.6
62.5
51.5
54.4
56.3
48.1
51.2
56.1
41.5
55.6
36.0
23.7
54.5
51.4
43.6
51.1
60.5
35.3
47.1
43.2
53.8
47.5
61.1
39.0
63.4
52.3
54.5
51.9
50.0
63.0
59.4
50.0
45.2
40.0
43.6
64.3
41.9
48.1
45.0
35.0
28.9
51.7
55.3
61.1
34.4
50.0
65.5
64.7
54.1
56.8
43.3
43.1
57.6
52.3
61.9
58.3
35.7
47.1
44.2
35.7
41.7
38.1
35.1
37.8
51.2
48.9
62.5
58.8
56.8
55.9
58.5
50.9
54.3
47.2
64.0
62.5
50.8
67.3
59.1
74.4
50.0
44.8
46.9
60.0
52.2
61.8
56.0
52.6
43.5
51.2
44.4
43.8
33.3
34.8
47.8
34.4
43.2
34.8
49.0
57.1
52.9
56.6
45.2
51.0
62.5
46.7
42.6
41.7
42.5
47.3
36.6
56.0
41.9
35.5
59.6
45.5
55.9
46.7
62.5
48.0
61.3
54.1
48.7
45.9
38.9
56.3
40.9
47.5
42.9
43.2
62.5
52.5
52.6
36.7
58.3
48.0
63.3
54.1
48.6
39.4
62.5
47.5
47.2
66.7
48.1
48.5
45.3
60.7
64.3
39.3
61.5
60.0
42.2
55.9
36.2
29.2
56.3
38.3
47.2
52.0
45.9
42.3
50.0
47.1
71.0
58.3
55.2
45.2
70.0
43.2
63.3
40.7
56.8
58.3
45.0
62.5
50.0
48.8
58.5
52.8
53.3
36.6
38.2
47.4
53.8
30.0
48.9
59.3
33.3
56.8
45.2
45.5
46.2
48.4
41.2
42.9
50.8
32.4
48.0
9.1
35.3
25.6
53.1
51.6
27.6
50.0
57.1
28.6
41.2
50.0
50.0
44.2
54.2
41.0
46.7
60.0
61.1
40.0
38.5
50.0
49.2
56.7
52.4
44.1
34.9
48.8
43.3
51.9
44.1
47.3
43.2
51.5
67.6
47.1
58.8
60.3
49.2
51.9
57.1
65.0
58.6
61.3
58.9
41.7
48.6
47.2
60.6
62.1
67.4
47.4
47.1
54.5
55.1
71.4
52.4
65.3
38.9
54.9
56.7
67.6
56.7
51.1
46.4
50.0
54.1
51.4
77.1
50.0
58.6
53.3
71.4
48.0
47.0
53.7
47.4
57.1
44.4
43.9
62.5
64.3
45.9
41.9
69.1
58.8
55.2
47.1
64.3
50.0
35.3
60.6
45.0
41.2
41.8
60.0
53.8
48.4
58.3
33.3
57.1
38.7
47.5
31.8
44.0
57.1
52.8
30.6
56.4
50.8
44.6
50.0
42.9
33.3
36.0
34.4
46.4
61.8
55.4
42.9
45.5
71.0
57.6
54.5
51.6
51.5
28.9
43.4
46.3
57.8
47.9
39.5
46.9
52.4
63.6
59.0
47.1
65.8
63.0
47.4
53.8
47.6
55.9
55.2
53.2
56.8
42.3
53.7
45.9
58.8
45.2
56.5
46.2
45.2
50.0
48.6
59.6
60.0
37.1
51.2
53.7
28.0
32.6
30.2
44.4
58.8
47.1
56.0
41.9
58.6
25.0
39.6
50.0
39.1
43.9
45.2
48.7
44.8
32.4
50.0
65.5
51.4
30.6
45.7
32.3
55.2
51.9
39.0
34.2
37.9
36.8
41.5
37.8
41.9
48.8
48.9
56.0
54.4
43.3
30.4
45.8
28.6
31.6
35.3
38.7
49.2
41.2
52.0
39.3
50.0
34.5
42.9
59.5
61.5
38.9
52.1
51.7
57.6
53.3
39.5
47.6
54.5
44.4
52.7
53.8
42.9
49.0
42.9
43.8
60.0
50.0
56.7
37.9
55.6
46.7
54.5
40.0
46.2
63.0
58.3
65.4
58.1
51.4
50.0
39.3
68.4
55.0
48.0
51.3
60.0
34.6
52.9
74.2
47.8
53.4
32.3
52.9
60.0
50.0
61.0
49.1
56.3
35.0
45.5
47.7
47.5
52.4
54.7
54.5
56.4
50.0
42.9
72.7
53.8
48.7
45.2
35.3
41.3
55.0
32.3
46.9
47.8
41.9
56.4
44.8
63.6
54.1
37.8
50.0
67.6
42.5
51.4
55.6
50.0
46.8
45.8
37.5
49.0
60.9
55.3
44.6
57.9
40.5
48.7
72.4
51.9
40.5
50.0
52.0
35.8
54.1
27.8
60.0
63.6
45.7
52.8
57.1
47.3
55.9
47.5
47.4
47.5
53.8
48.4
45.5
41.9
40.0
54.3
43.5
45.0
57.1
47.6
47.1
40.0
53.0
44.8
32.4
53.6
40.0
59.0
72.2
44.0
47.5
60.6
51.5
50.8
39.0
55.6
48.5
42.0
38.9
40.7
42.9
44.8
44.0
43.8
53.7
56.0
67.9
64.5
52.2
46.2
57.7
57.9
40.5
52.3
52.9
36.7
43.8
39.6
37.5
46.2
59.3
73.3
55.9
46.2
53.7
54.5
52.8
74.2
69.6
52.8
45.9
37.5
54.5
47.6
48.0
55.2
51.7
36.4
60.3
50.0
44.4
45.9
46.2
52.9
47.0
56.5
40.5
56.5
43.9
51.5
56.6
36.4
51.6
38.1
45.2
46.8
100.0
61.4
56.4
34.9
52.9
73.7
38.9
27.5
40.0
38.8
48.9
34.3
52.8
50.0
62.5
60.4
48.1
35.5
63.3
40.0
44.1
25.0
61.3
64.3
55.3
40.6
47.5
63.4
48.1
55.2
34.6
61.9
51.7
58.8
61.5
64.3
49.2
43.2
52.2
45.5
59.3
65.5
51.3
51.5
58.3
76.9
66.7
57.9
46.4
44.4
46.9
42.1
61.0
35.3
48.0
56.8
60.0
50.0
51.3
56.4
41.5
39.5
33.3
70.3
50.0
35.4
56.4
34.6
69.2
48.2
45.2
56.0
57.1
36.6
33.3
62.9
40.0
50.0
51.5
52.9
43.4
40.0
48.6
29.0
40.0
57.1
48.6
65.5
32.4
50.0
35.7
58.3
48.3
50.0
51.9
59.3
40.5
40.7
33.3
40.0
51.7
66.7
56.5
29.7
54.5
34.5
53.3
66.7
36.4
40.0
26.3
46.2
39.3
50.0
33.3
41.0
47.1
30.0
51.4
48.1
55.9
48.9
66.7
45.5
53.2
51.4
56.3
66.7
52.0
59.6
61.1
39.4
47.1
42.4
37.0
52.3
36.7
40.7
48.6
48.6
56.6
65.2
63.2
55.2
68.8
66.7
66.7
55.6
39.0
42.6
57.1
51.9
52.0
48.6
54.5
37.5
52.9
56.6
61.8
38.6
31.7
48.4
53.3
40.7
63.2
40.9
49.1
38.7
47.5
57.9
48.9
32.1
52.2
71.4
36.4
45.1
32.6
67.7
25.0
40.8
46.2
46.7
48.5
36.4
51.6
71.4
39.3
40.0
51.9
47.6
48.0
50.0
58.5
73.0
48.9
38.0
60.0
52.6
36.8
52.2
51.4
46.2
58.3
60.0
58.8
50.0
63.2
57.1
51.5
67.6
59.5
54.2
35.9
40.9
45.5
37.5
52.8
33.3
62.5
37.2
61.3
45.3
50.9
57.7
40.0
43.3
30.0
48.8
43.8
37.5
67.9
55.6
79.2
67.3
50.0
57.1
62.7
55.0
41.9
38.9
47.6
62.5
55.0
50.0
52.8
61.9
40.6
48.4
48.9
52.9
46.7
48.5
64.7
58.5
58.6
60.9
66.7
50.0
55.1
52.8
51.9
56.9
30.4
60.0
59.4
50.8
41.5
42.2
51.3
44.4
57.6
59.3
42.9
41.2
35.7
62.8
47.1
40.4
49.1
53.1
48.5
57.9
52.0
53.8
42.9
42.4
60.0
41.9
42.9
50.0
44.1
53.8
35.0
62.5
56.1
48.6
58.1
54.8
58.1
59.0
60.0
50.0
46.2
56.5
51.4
41.2
57.9
60.0
66.1
73.7
35.9
44.4
54.1
51.1
40.8
45.2
51.4
48.8
45.9
37.9
45.7
60.0
59.4
41.4
39.4
44.4
55.6
35.5
55.0
46.4
57.5
41.5
57.8
53.3
60.6
45.5
35.7
56.4
48.1
48.4
50.0
59.6
57.6
52.0
29.7
52.6
46.4
63.6
54.1
38.2
54.2
40.5
54.5
47.8
41.4
56.0
46.2
66.7
58.7
50.0
52.0
58.1
45.2
52.8
48.6
55.6
52.9
51.1
60.6
38.2
55.6
52.6
50.0
60.0
56.5
29.0
40.0
56.8
50.0
41.2
42.9
47.8
66.7
48.1
37.9
41.7
41.9
46.9
40.4
25.0
51.6
41.1
34.4
45.7
47.8
50.0
46.2
76.3
69.6
56.1
80.0
57.7
47.9
32.4
53.4
60.0
63.8
48.1
42.4
47.1
64.0
44.4
50.0
53.4
53.7
46.5
55.9
67.9
38.8
43.3
45.9
50.8
61.1
38.5
36.0
34.6
48.3
29.7
52.9
50.9
55.0
55.8
67.5
35.0
44.7
51.2
48.0
30.6
60.9
62.2
39.5
48.9
50.0
32.7
53.2
36.1
54.5
63.0
47.5
63.9
38.1
55.8
41.0
66.7
46.8
59.5
42.9
48.9
67.5
43.6
59.6
47.5
67.3
61.9
44.4
50.0
77.8
65.6
52.9
73.1
61.4
39.4
54.8
48.3
47.2
44.1
45.9
63.2
51.7
57.1
43.2
58.6
56.5
45.5
50.0
46.7
61.1
30.6
63.6
62.5
57.5
43.9
44.3
67.9
45.7
48.6
54.8
57.1
58.1
45.2
37.9
48.6
69.2
44.8
45.0
57.7
35.3
39.3
45.9
57.6
47.2
37.5
58.3
53.3
56.4
31.7
41.2
29.0
44.7
38.9
50.0
46.9
39.6
56.0
50.0
46.6
37.1
28.2
36.4
43.2
44.4
26.3
70.0
94.1
60.6
61.5
48.2
59.5
48.6
75.9
58.6
60.0
64.3
48.6
56.0
32.0
70.4
52.6
45.2
27.3
52.9
54.5
47.5
48.1
34.4
46.7
41.2
47.1
47.6
35.6
43.5
56.0
35.7
28.6
42.6
50.0
35.5
65.5
54.5
56.1
46.3
45.2
50.0
57.5
59.4
57.1
65.0
63.2
41.3
50.0
52.3
54.8
56.8
48.7
58.1
53.3
67.4
53.8
28.6
40.6
43.3
45.5
42.2
57.6
45.5
53.2
43.8
51.6
50.0
41.4
54.1
72.2
48.9
54.0
48.6
60.5
47.1
42.1
40.0
32.6
35.7
37.8
39.7
54.5
54.5
55.9
65.2
47.6
43.8
50.0
55.6
27.9
58.2
46.2
69.0
50.0
55.6
48.8
50.0
45.0
40.6
47.9
63.9
48.1
45.9
54.2
46.3
69.7
42.5
42.3
46.3
80.8
48.5
44.8
69.0
61.1
65.7
53.1
44.8
45.7
46.3
64.5
61.8
42.4
41.2
30.0
39.3
50.0
39.3
47.2
58.6
54.8
51.5
63.9
70.0
60.0
67.6
64.1
40.0
47.4
44.2
36.5
41.5
55.1
36.7
35.7
53.3
69.4
54.5
53.8
56.4
43.9
60.0
47.1
51.4
59.7
53.1
52.8
48.4
71.0
50.0
46.2
51.8
62.5
60.0
66.7
51.4
63.5
43.2
62.5
40.0
55.8
50.0
45.1
26.2
35.7
59.6
48.4
76.2
67.4
40.3
65.2
51.9
46.5
54.3
54.3
40.0
61.5
51.6
59.1
32.3
56.4
68.4
41.7
62.5
34.4
30.6
36.1
70.0
45.8
47.4
41.5
49.2
37.5
51.5
59.5
58.6
72.0
60.6
53.7
60.0
34.4
44.4
66.0
53.6
54.8
58.6
48.5
46.6
47.6
55.4
38.8
54.5
55.1
57.5
46.3
44.1
49.1
50.8
48.0
90.9
36.0
59.0
40.9
60.0
55.0
56.3
59.6
37.5
41.4
47.9
40.6
31.0
42.1
50.8
57.1
40.5
29.4
40.5
55.6
51.5
50.0
39.0
41.7
50.0
48.3
29.4
35.5
48.2
30.8
43.2
46.4
61.8
39.3
41.4
74.3
52.5
43.6
61.4
58.3
48.0
44.0
48.1
37.8
57.6
36.8
37.7
38.0
43.2
44.4
43.2
42.9
60.0
52.9
61.9
48.4
58.1
51.7
41.9
44.0
35.7
53.8
58.6
42.5
64.5
33.8
43.5
41.2
45.9
53.8
36.1
26.5
63.6
54.0
56.4
47.6
42.9
70.4
64.9
54.0
61.5
64.7
48.6
45.7
37.5
56.7
59.4
59.2
60.0
68.0
53.2
51.3
32.1
42.9
55.1
61.5
54.8
51.0
56.3
41.4
46.0
47.5
55.9
32.4
38.7
41.4
48.1
42.5
35.0
35.1
42.6
54.3
56.5
65.0
34.7
59.5
58.3
86.7
63.6
57.6
60.8
56.8
53.2
69.2
68.8
63.0
48.4
48.6
70.0
50.0
48.7
57.5
48.5
63.6
55.9
42.5
44.1
51.7
62.5
38.7
53.6
20.0
53.6
63.3
45.5
47.7
46.3
41.3
40.0
38.5
42.4
25.0
53.8
22.7
39.0
39.4
60.6
68.6
69.2
59.5
63.6
50.0
64.0
41.9
45.2
55.4
58.0
64.3
43.5
50.0
41.4
55.9
53.7
44.1
44.2
63.0
54.8
57.6
31.8
47.7
46.8
45.5
55.9
40.0
42.9
50.0
50.0
46.7
67.2
56.7
55.9
60.0
60.0
55.2
61.3
54.5
56.3
50.0
55.6
33.3
57.1
48.6
54.2
38.2
47.4
32.8
28.6
56.5
35.9
50.0
54.9
58.3
61.5
66.7
56.5
46.8
37.5
50.0
66.7
43.6
59.5
51.6
60.7
42.9
55.2
60.0
57.5
44.0
47.6
48.1
47.3
37.5
55.2
50.0
51.2
47.4
65.5
59.5
61.8
57.1
61.1
42.9
60.0
48.4
52.1
45.0
50.0
60.0
42.9
43.2
45.1
44.4
55.8
60.0
48.3
57.1
57.9
55.2
48.9
35.7
64.2
53.7
54.1
50.0
45.0
65.4
53.3
48.4
35.3
60.7
60.0
54.5
46.8
44.7
44.0
44.2
40.7
63.2
37.8
40.9
69.2
34.5
55.6
39.4
58.0
52.6
48.3
51.0
37.7
51.2
48.6
35.5
40.3
33.3
29.4
60.0
59.4
44.4
35.8
45.5
40.7
52.6
51.9
47.4
51.7
40.0
55.6
34.8
47.6
50.0
54.8
68.2
48.0
45.2
45.5
50.0
47.5
46.7
52.9
47.1
48.4
45.7
46.3
46.7
50.0
62.5
52.0
60.0
44.7
69.2
49.0
44.9
59.5
51.5
50.0
50.0
45.5
52.2
44.0
42.1
46.2
40.0
51.4
61.1
56.3
50.0
51.9
42.2
39.1
63.2
50.0
56.7
41.9
33.3
40.9
33.3
65.5
57.6
64.7
38.5
56.3
54.7
48.1
52.6
47.6
37.5
54.2
42.1
42.4
61.4
54.2
40.0
51.7
63.2
59.1
62.5
48.5
25.0
55.0
43.8
