35.3
60.0
60.0
54.8
50.0
60.6
50.8
43.8
37.0
61.9
51.5
48.3
55.2
32.4
44.4
40.0
40.8
36.1
43.8
46.9
34.1
32.5
50.0
55.6
62.5
46.7
61.9
46.0
43.3
47.4
41.3
41.2
47.9
34.7
58.8
50.9
37.8
46.2
40.6
45.0
53.8
23.3
33.3
45.6
38.5
40.6
42.4
39.1
46.3
36.6
40.0
43.9
44.7
31.3
50.9
50.0
61.8
32.1
30.6
65.0
41.9
51.7
44.0
44.4
56.1
54.7
44.0
59.6
59.5
47.1
54.5
67.7
51.3
58.7
66.7
62.1
51.1
66.7
68.6
62.5
47.4
40.9
40.9
60.6
53.5
29.5
26.7
64.7
43.8
50.0
38.2
63.3
36.6
41.3
40.0
43.3
41.7
51.4
35.7
40.0
44.7
47.1
49.1
58.6
43.2
40.5
45.2
27.6
50.0
34.8
47.3
52.6
62.0
53.6
41.4
50.0
60.0
37.5
40.4
41.7
33.3
40.4
45.5
40.0
43.2
33.3
42.9
41.7
44.4
53.5
37.8
45.2
39.5
26.2
47.5
53.5
50.0
43.5
46.2
45.7
57.1
74.2
51.7
42.9
45.5
59.0
55.6
54.3
52.5
45.3
30.3
25.8
33.3
37.0
39.5
39.3
31.6
30.2
30.8
51.5
55.3
54.1
55.2
36.2
51.2
39.5
46.0
54.4
43.1
35.7
35.0
50.0
42.9
41.2
42.9
47.1
33.9
24.4
32.3
53.8
40.5
32.6
57.1
57.6
50.8
61.9
63.0
51.2
41.3
64.7
51.7
54.1
50.0
52.0
64.9
73.0
44.4
39.4
33.3
50.9
42.4
38.2
36.7
44.1
33.3
44.4
61.7
78.9
61.4
46.7
61.9
50.0
51.0
53.7
47.5
36.8
40.9
40.5
40.0
59.1
34.6
38.1
46.9
56.3
51.1
44.1
28.6
47.6
41.0
34.0
47.5
48.3
43.8
35.1
32.0
20.0
51.9
33.3
59.0
59.4
57.5
60.7
59.5
53.7
48.8
48.3
49.1
52.0
25.0
37.1
41.9
45.2
53.3
25.9
50.0
54.0
58.6
53.3
58.8
48.5
50.0
45.0
53.8
27.6
45.8
40.4
57.6
40.0
36.2
40.5
50.0
48.3
47.4
50.0
76.2
41.9
52.0
40.5
52.1
30.8
51.0
41.9
57.1
57.1
33.3
43.9
36.8
53.5
48.5
53.8
57.9
39.6
49.0
54.8
48.6
66.7
65.0
48.8
69.0
61.8
70.8
64.5
44.3
51.3
40.5
41.9
42.6
36.4
42.2
35.1
39.7
35.3
41.5
46.2
30.8
43.8
24.3
33.3
57.6
29.0
54.1
56.8
50.0
32.3
37.8
44.0
50.9
48.6
61.8
65.7
41.9
59.3
53.1
56.7
34.6
44.4
38.5
44.8
51.7
61.5
36.4
57.6
40.9
59.4
35.1
50.0
39.3
48.9
42.2
44.4
42.4
36.1
39.3
29.4
61.3
35.5
42.6
28.0
53.1
36.8
50.0
31.3
37.5
54.5
51.7
61.0
56.5
62.1
61.0
43.5
39.4
44.9
47.8
45.2
41.3
68.0
31.8
48.1
35.7
31.0
26.0
29.0
45.5
39.1
73.7
30.2
44.4
58.6
48.6
46.9
50.0
55.0
52.4
41.1
42.1
67.7
45.7
44.1
40.0
45.0
50.0
43.4
44.4
45.7
50.0
47.9
50.0
39.1
50.0
37.0
51.3
54.8
48.9
33.3
48.6
68.4
50.0
37.5
61.0
42.9
40.0
62.9
46.8
50.0
57.9
51.1
46.2
56.0
54.3
54.3
41.0
35.7
33.9
25.0
33.3
41.9
42.9
31.0
47.6
28.9
42.4
30.4
45.5
34.7
29.2
33.3
28.6
44.4
62.0
46.0
40.9
53.6
45.7
39.5
41.0
64.0
40.0
38.7
32.4
47.6
38.2
45.2
43.4
41.0
44.8
32.4
48.5
33.3
39.3
43.9
52.9
53.3
31.3
25.5
30.0
51.0
32.6
34.2
40.0
52.6
42.9
50.0
32.1
42.2
42.6
35.1
29.6
31.0
39.3
57.8
38.6
33.3
41.7
33.3
45.0
62.1
48.6
52.9
47.8
51.0
33.3
50.0
26.9
43.5
45.9
44.2
47.8
42.9
52.8
45.7
53.3
52.9
52.7
41.9
50.0
45.9
51.9
40.0
50.0
43.2
54.5
63.9
52.0
55.2
50.0
50.0
38.5
39.1
58.8
37.5
43.3
30.3
40.9
36.0
31.1
26.3
50.0
25.9
54.1
25.8
43.3
35.9
41.2
43.8
38.0
40.0
61.9
33.3
56.1
45.2
57.1
61.8
51.5
63.9
70.8
50.0
49.1
51.3
35.3
31.7
36.7
25.0
50.0
54.5
46.7
30.4
48.5
57.1
56.9
66.7
67.7
66.7
58.6
56.8
58.3
50.0
67.3
64.6
61.5
56.3
63.8
56.1
43.6
30.4
60.5
47.5
56.3
28.6
59.5
32.6
51.8
55.2
36.1
42.6
38.5
48.5
43.2
36.4
57.5
57.7
57.1
42.9
50.0
41.7
45.5
32.0
55.8
45.5
51.9
63.6
32.0
38.2
46.7
60.0
39.3
44.4
42.1
43.2
43.9
40.7
37.9
46.9
56.5
41.2
43.3
54.3
40.9
48.5
50.0
41.5
47.6
51.4
37.5
57.4
47.7
44.1
48.8
40.0
64.8
46.4
70.6
40.0
33.3
50.0
47.9
46.7
32.0
37.0
44.4
51.2
47.1
46.6
46.7
41.5
27.8
43.8
24.3
45.5
32.4
47.8
34.9
42.2
37.0
56.1
47.2
26.5
48.5
52.2
44.4
51.2
62.3
55.4
41.2
58.3
54.2
71.4
44.9
40.5
49.1
52.2
52.7
41.9
50.0
48.5
42.9
61.1
58.6
45.7
40.0
35.1
34.1
41.4
38.8
19.4
33.3
46.4
41.7
45.9
52.4
49.1
31.3
26.7
40.6
50.0
39.3
48.1
38.9
65.6
50.0
43.8
56.3
63.2
59.6
70.0
58.1
50.9
54.3
49.0
40.0
48.6
63.9
53.8
55.9
34.5
32.7
50.0
51.6
55.9
47.5
51.2
41.2
52.3
47.4
56.7
56.6
61.3
63.9
60.9
42.1
54.0
44.7
52.9
45.3
41.0
55.6
41.7
44.8
43.8
50.0
30.6
56.3
29.2
30.3
49.1
48.1
41.9
35.1
35.4
55.6
55.2
48.3
65.4
46.4
44.4
51.7
48.5
37.8
45.5
50.8
36.4
50.0
57.1
24.3
39.4
36.4
48.0
43.3
64.0
50.0
51.5
56.7
51.4
41.7
26.3
41.1
38.7
47.8
20.0
38.7
30.0
43.8
37.5
42.1
28.1
40.6
55.0
50.0
52.5
39.4
45.6
46.9
37.0
41.9
53.7
46.3
44.4
28.0
34.2
45.5
37.8
46.2
44.7
50.0
25.5
52.9
51.4
57.7
42.5
52.8
39.0
61.0
45.5
60.6
53.7
51.5
59.3
68.8
28.6
59.5
52.0
59.0
71.4
43.5
40.4
30.0
32.5
39.5
48.3
47.4
55.6
37.5
45.8
62.1
55.9
40.5
56.8
43.3
38.5
47.5
56.8
42.9
33.3
35.7
38.2
37.2
21.4
25.0
28.6
32.4
28.9
43.9
33.3
43.8
64.7
56.8
50.0
46.3
50.9
48.6
49.1
64.0
56.3
50.8
53.1
50.0
60.5
64.7
62.1
46.9
55.0
53.6
38.2
34.0
57.9
34.8
41.5
25.0
39.6
48.1
23.9
45.7
40.6
36.4
26.1
41.2
50.0
52.9
50.9
40.5
43.1
47.9
43.3
36.2
25.0
37.5
32.7
34.1
52.0
41.9
29.0
54.4
60.6
52.5
40.0
50.0
28.0
51.6
51.4
48.7
54.1
33.3
34.4
50.0
47.5
46.4
38.6
43.8
50.0
50.9
46.7
54.2
32.0
40.0
48.6
37.8
45.5
60.0
57.5
44.4
53.3
51.9
33.3
45.3
60.7
52.4
42.9
38.5
62.9
48.9
52.9
32.8
33.3
62.5
29.8
38.9
52.0
40.5
46.2
45.3
32.4
48.4
56.3
55.2
58.1
66.7
45.9
55.0
35.6
48.6
41.7
40.0
58.3
60.5
48.8
49.1
36.1
53.3
48.8
52.9
42.1
42.3
45.0
44.4
48.1
36.4
43.2
51.6
33.3
43.6
45.2
41.2
32.1
35.6
35.1
52.0
36.4
47.1
33.3
31.3
32.8
37.9
43.3
57.1
38.1
25.5
35.7
52.6
25.0
47.9
25.6
33.3
72.0
50.0
35.6
46.2
60.0
42.9
53.3
50.0
41.2
37.2
48.8
43.3
55.6
44.1
47.3
35.1
48.5
58.8
41.2
55.9
51.7
55.9
70.4
54.3
60.0
65.5
54.8
51.8
45.8
45.7
41.7
51.5
48.3
55.8
52.6
47.1
59.1
59.2
64.3
42.9
61.2
47.2
49.0
40.0
52.9
43.3
38.3
57.1
48.1
48.6
54.1
65.7
56.3
48.3
43.3
85.7
50.0
45.5
56.1
26.3
57.1
47.6
39.0
58.3
42.9
40.5
45.2
50.9
61.8
58.6
23.5
59.5
50.0
35.3
57.6
40.0
58.8
47.3
51.1
56.4
48.4
43.8
26.7
50.0
33.9
25.0
40.9
44.0
35.7
41.7
50.0
59.0
44.1
33.9
36.8
38.1
33.3
24.0
37.5
42.9
54.5
50.8
35.7
36.4
51.6
54.5
57.6
61.3
54.5
34.2
49.1
46.3
55.6
43.8
42.1
51.6
52.4
57.6
46.2
47.1
39.5
51.9
52.6
50.0
33.3
41.2
37.9
61.7
43.2
61.5
46.3
36.1
29.4
32.3
30.4
19.2
40.5
40.9
37.1
46.8
56.0
38.7
43.9
46.3
20.0
32.6
30.2
33.3
52.9
41.2
44.0
34.9
44.8
31.3
45.8
33.3
43.5
29.3
51.6
48.7
27.6
29.4
47.2
58.2
43.2
30.6
34.3
35.5
41.4
25.9
43.9
26.3
34.5
34.2
36.6
37.8
39.5
34.1
37.8
38.0
47.4
31.7
17.4
37.5
14.3
26.3
38.2
32.3
40.7
47.1
48.0
35.7
40.6
51.7
40.0
61.9
46.2
42.6
45.8
51.7
45.5
50.0
36.8
35.7
51.5
47.2
43.6
53.8
45.7
51.0
38.1
47.9
43.3
47.9
53.3
31.0
41.7
33.3
48.5
34.0
30.8
48.1
44.4
53.8
58.1
54.3
40.6
47.5
47.4
52.5
48.0
53.8
62.5
46.2
38.2
71.0
47.8
55.2
48.4
52.9
48.0
43.3
61.0
45.5
81.3
20.0
51.5
36.4
40.7
35.7
49.1
56.4
58.2
44.4
32.7
81.8
42.3
46.2
35.7
26.5
39.7
31.7
38.7
34.4
43.5
38.7
41.0
37.9
54.5
45.9
29.7
50.0
38.2
37.5
40.0
47.2
35.0
43.5
32.2
37.5
53.1
43.5
44.7
48.6
42.1
40.5
53.8
62.1
44.4
43.2
47.7
64.0
34.3
37.8
27.8
55.6
45.5
31.4
36.1
60.0
41.8
58.8
42.5
36.8
52.5
53.8
32.3
50.9
38.7
26.7
54.3
47.8
42.5
39.3
52.4
33.3
36.0
34.8
37.9
37.8
35.7
40.0
33.3
50.0
36.0
44.3
54.5
51.5
58.5
39.0
55.6
45.5
40.0
41.7
35.2
42.9
48.3
32.0
43.8
53.7
68.0
64.3
54.8
63.0
51.3
53.8
65.8
31.0
43.2
47.1
35.0
28.1
37.5
45.8
43.6
59.3
73.3
61.0
48.1
55.6
47.7
55.6
71.0
69.6
41.7
51.4
41.7
60.6
50.0
50.0
58.6
43.3
40.9
41.3
50.0
55.6
43.2
42.3
50.0
40.9
43.5
45.9
50.0
36.6
60.6
50.9
45.5
35.9
33.3
38.7
48.9
54.5
65.9
46.2
32.6
29.4
94.7
41.7
39.2
40.0
44.9
46.8
40.0
52.8
44.4
59.4
58.3
51.9
45.2
56.7
42.9
45.8
25.0
56.5
53.6
47.4
43.8
47.5
63.4
46.3
48.3
57.7
57.1
55.0
47.1
46.2
50.0
52.5
54.1
56.5
43.2
70.4
58.6
51.3
30.3
50.0
69.2
72.7
44.7
39.3
42.2
49.0
52.6
54.2
29.4
52.0
40.5
51.4
40.0
38.5
41.0
36.6
36.8
33.3
32.4
41.7
41.7
48.7
36.5
76.9
35.7
38.7
44.0
42.9
43.9
29.6
37.1
31.4
26.5
54.5
41.2
28.3
45.0
32.4
38.7
35.0
38.1
37.1
34.5
38.2
40.6
40.5
50.0
41.4
46.7
50.0
55.6
40.5
33.3
30.6
40.0
58.6
70.4
43.5
35.1
48.5
44.8
40.0
74.1
27.3
33.3
21.1
35.9
35.7
32.6
27.5
41.0
32.4
25.0
35.1
29.6
52.9
51.1
50.0
42.4
46.8
42.9
50.0
50.0
32.0
53.2
55.6
33.3
32.4
22.0
40.7
36.4
40.0
40.7
48.6
51.4
54.7
52.2
63.2
37.9
56.3
62.7
62.5
44.4
44.1
35.2
35.7
29.6
48.0
43.2
47.7
31.3
52.9
52.8
50.0
40.4
41.5
58.1
28.9
29.6
47.4
36.4
56.4
32.3
42.5
47.4
42.2
39.6
38.8
64.3
39.4
47.1
23.3
38.7
28.1
36.7
51.9
46.7
51.5
30.3
38.7
76.2
35.7
40.0
46.3
52.4
48.0
53.3
48.8
48.6
31.1
36.0
70.0
57.9
39.5
37.0
48.6
51.9
61.1
40.0
52.9
25.0
55.3
42.9
30.3
55.9
40.5
39.6
28.1
31.8
45.5
35.0
58.3
14.3
37.5
25.6
41.9
50.9
43.6
53.8
35.0
30.0
30.0
48.8
33.3
62.5
52.8
35.2
41.7
61.2
55.3
42.9
55.9
50.0
48.8
36.1
57.1
54.2
50.0
38.1
45.3
57.1
43.8
54.8
36.2
44.1
37.8
30.3
58.8
51.2
69.0
56.5
71.4
54.5
57.1
47.2
44.4
52.9
34.8
36.7
56.3
46.0
36.6
46.7
56.4
27.8
45.8
40.7
42.9
35.3
38.1
60.5
23.5
43.9
49.1
43.8
36.4
50.0
58.0
61.5
48.6
42.4
46.7
45.2
48.6
45.8
41.2
59.0
35.0
50.0
45.6
48.6
48.4
41.9
46.5
61.5
40.0
63.3
41.0
41.3
54.1
47.1
36.8
52.0
56.5
63.2
46.2
44.4
48.6
46.7
46.9
45.2
54.3
41.5
45.9
48.3
28.6
60.0
53.1
44.8
50.0
44.4
55.6
22.6
40.0
28.6
60.0
45.3
68.8
53.3
66.7
45.5
67.9
54.5
40.7
45.2
53.8
44.7
39.0
32.0
40.5
60.5
32.1
42.4
49.2
38.2
47.5
43.2
42.4
52.2
48.3
48.0
36.5
46.7
36.5
44.7
32.0
38.7
28.6
30.6
42.9
50.8
47.1
46.7
42.4
47.1
47.2
44.7
58.3
66.7
45.7
22.6
40.0
48.6
43.5
49.0
37.5
43.5
45.8
42.3
48.3
41.7
41.9
50.0
38.6
55.0
50.0
41.1
34.4
43.5
39.1
42.5
53.8
84.2
60.7
53.7
63.3
50.0
50.0
35.3
53.4
26.7
50.0
51.9
30.3
37.3
56.0
38.9
35.7
41.4
36.6
41.9
41.2
42.9
32.7
30.0
35.1
40.0
53.7
51.3
24.0
23.1
37.9
40.5
39.2
50.9
45.0
44.2
55.0
35.0
40.4
36.6
44.0
33.3
50.0
45.9
28.9
38.3
37.5
30.9
53.2
38.9
48.5
59.3
45.0
55.6
33.3
60.5
35.9
33.3
41.9
51.4
45.7
40.4
57.5
30.9
54.4
50.8
65.5
61.9
33.3
52.9
63.0
50.0
35.3
57.7
42.1
33.3
52.4
37.9
41.7
50.0
37.8
63.2
43.3
50.0
45.9
51.7
41.3
18.2
43.2
41.7
55.6
32.7
54.5
52.1
45.0
36.6
45.9
53.6
37.1
42.9
54.8
57.1
41.9
38.7
42.4
45.7
61.5
41.4
45.0
57.7
38.2
46.4
32.4
45.5
50.0
35.4
33.3
48.9
41.0
26.8
41.2
32.3
23.4
41.7
43.8
37.5
50.0
52.0
55.8
55.2
34.3
38.5
33.3
29.7
37.0
36.8
76.0
76.5
72.7
63.5
50.0
52.4
31.4
51.7
55.2
55.0
82.1
57.1
56.0
40.0
44.4
52.6
47.6
31.8
55.9
51.5
32.5
59.3
28.1
36.7
30.9
23.5
39.7
31.1
39.1
24.0
25.0
17.1
49.2
50.0
45.2
62.1
47.7
51.2
53.7
45.2
59.7
57.5
56.3
54.8
50.0
52.6
47.8
57.5
47.7
50.0
48.6
38.5
38.7
43.3
55.8
38.5
28.6
53.1
38.3
52.3
42.2
51.5
47.7
38.3
43.8
54.8
47.4
31.0
48.6
50.0
42.6
50.0
42.9
39.5
58.8
39.5
52.0
39.5
47.6
27.0
54.0
50.0
59.1
55.9
43.5
57.1
45.8
35.0
38.9
39.3
40.0
33.3
51.7
60.7
47.2
37.2
38.2
40.0
46.9
37.5
55.6
50.0
40.5
41.7
46.3
57.6
37.5
46.2
43.9
50.0
42.4
37.9
58.6
61.1
51.4
55.1
48.3
48.6
56.1
54.8
38.2
36.4
41.2
32.0
57.1
43.3
53.6
38.9
53.4
51.6
66.7
61.1
75.0
44.0
64.7
56.4
46.7
57.9
38.5
32.7
43.9
40.8
22.4
35.7
38.3
47.2
48.5
26.9
43.6
43.9
36.0
47.1
34.3
53.2
42.2
63.9
45.2
51.6
47.8
46.2
46.4
54.2
46.7
51.1
42.9
59.6
48.6
45.8
44.0
42.3
43.8
43.1
33.3
35.7
29.8
38.7
61.9
65.1
37.1
69.6
48.1
60.5
47.8
60.0
43.3
57.7
48.4
45.5
32.3
43.6
52.6
44.4
46.9
36.1
44.4
30.6
50.0
37.5
44.7
34.1
34.9
31.3
51.5
37.8
37.9
52.0
48.5
41.5
58.5
40.6
53.3
55.3
60.7
45.2
55.2
36.4
31.0
38.1
51.8
34.7
45.5
38.8
50.0
39.0
44.1
54.7
47.5
40.0
54.5
44.0
53.8
27.3
57.1
45.0
53.1
44.2
37.5
34.5
35.4
40.6
13.8
35.1
44.1
46.4
50.0
35.3
35.7
44.4
53.0
87.5
43.9
58.3
32.5
43.1
41.2
35.5
39.3
42.3
43.2
39.3
44.1
28.6
65.5
48.6
37.7
48.7
61.4
44.4
36.0
28.0
37.0
32.4
54.5
26.3
32.1
30.0
40.5
40.7
35.1
35.7
40.0
38.2
50.8
51.6
58.1
51.7
44.2
36.0
50.0
46.2
44.8
60.0
51.6
23.1
41.3
29.4
44.3
42.3
42.6
32.7
81.8
50.0
46.2
26.2
23.8
61.1
54.1
54.0
73.1
60.8
59.5
42.9
32.8
43.3
50.0
61.2
75.0
56.0
51.1
48.7
46.4
57.1
49.0
50.0
54.8
49.0
68.8
48.3
36.0
50.0
49.2
41.2
45.2
48.3
55.6
52.5
35.0
35.1
42.6
42.9
52.2
55.0
22.4
35.1
55.0
66.7
63.6
66.7
60.8
51.4
55.3
64.1
43.8
47.8
40.3
43.2
55.0
41.7
51.3
50.0
39.4
50.9
45.8
45.0
50.0
41.4
46.9
32.3
47.8
45.0
46.4
53.3
30.3
47.7
48.8
47.8
38.5
47.7
42.4
16.7
46.2
22.7
46.3
30.3
36.4
51.4
59.0
45.2
39.4
40.0
40.0
45.2
57.1
50.0
47.8
45.2
60.9
50.0
41.4
52.9
51.2
29.4
44.2
29.6
35.7
42.4
38.6
40.9
46.8
63.6
44.1
32.5
50.0
42.9
37.5
43.3
62.1
56.7
55.9
48.6
50.0
44.8
54.8
48.5
53.1
54.5
55.6
40.7
50.0
54.1
43.8
41.2
36.8
39.1
28.6
50.0
38.5
46.9
41.2
58.3
41.5
66.7
52.2
46.8
40.6
36.1
51.0
41.0
54.1
40.6
42.9
42.9
58.6
60.0
50.0
40.0
33.3
51.9
38.2
35.0
58.6
46.9
58.1
39.5
56.9
54.8
32.4
59.5
33.3
52.4
55.0
48.4
39.6
50.0
43.8
37.1
31.4
40.5
43.1
22.2
55.8
60.0
48.3
61.2
68.4
48.3
44.7
14.3
67.9
56.1
56.8
40.0
32.5
53.8
46.7
41.9
35.3
60.7
32.7
48.5
59.6
31.6
40.0
32.6
33.9
57.9
32.4
40.9
61.5
34.5
58.3
36.4
50.0
39.5
48.3
53.1
45.3
58.1
37.1
41.9
43.3
38.9
29.4
30.0
59.4
41.7
39.6
36.4
32.2
36.8
44.4
42.1
44.8
48.0
55.6
34.8
61.9
28.6
50.0
40.9
40.0
57.1
54.5
55.9
35.6
36.7
52.9
52.9
48.4
37.1
46.3
43.3
41.7
62.5
52.0
36.7
39.5
56.4
51.0
49.0
48.6
51.5
48.3
39.7
51.5
50.0
28.0
42.1
43.6
35.0
60.0
58.3
47.9
56.8
55.6
48.9
28.1
42.1
54.0
43.3
45.2
20.0
43.2
29.2
62.1
51.5
54.9
46.2
46.9
54.7
55.6
50.0
47.6
37.5
39.6
47.4
45.5
36.4
45.8
42.5
50.0
52.6
36.4
56.3
51.5
22.2
55.0
31.3
