16.7
15.0
20.0
20.8
18.4
29.7
20.0
18.6
15.4
20.7
22.2
18.4
20.0
9.6
15.4
11.8
11.5
19.4
20.8
20.0
15.8
14.3
22.5
22.2
16.4
12.1
27.3
18.2
5.3
14.5
16.7
24.1
15.2
25.9
12.5
17.6
19.2
17.2
17.9
29.4
21.2
14.8
23.7
16.9
20.5
12.5
9.3
7.7
22.2
24.5
18.4
19.4
9.8
18.6
10.5
15.2
20.0
6.8
21.3
22.6
16.7
13.0
18.9
13.3
21.2
13.0
16.7
28.6
34.6
15.4
14.3
22.7
6.7
18.9
17.8
9.5
23.1
23.7
24.6
9.5
18.6
22.2
24.2
14.5
19.4
3.4
24.4
22.2
21.1
20.0
21.6
29.6
23.3
11.8
24.2
14.3
20.0
21.1
8.6
12.5
8.1
15.5
20.0
8.3
20.0
11.1
18.3
20.3
13.3
15.2
18.9
23.3
10.0
10.5
14.0
20.0
15.5
22.4
18.2
19.2
16.7
18.8
12.8
19.0
8.2
12.7
18.0
13.3
28.0
13.3
17.5
17.0
16.1
23.9
17.5
12.1
17.5
9.8
25.0
8.8
11.5
24.4
21.2
19.2
14.3
27.8
21.2
20.7
16.4
18.2
21.2
20.4
15.8
23.8
23.9
11.5
12.5
15.7
15.2
19.4
23.7
12.5
19.6
21.9
21.1
25.9
24.4
28.1
18.2
20.6
22.4
6.3
14.6
19.4
9.1
9.1
21.1
32.4
14.9
18.2
13.0
33.3
11.5
19.2
13.8
28.9
28.2
28.1
8.1
17.6
15.2
12.2
11.8
13.9
16.7
23.0
15.8
10.8
5.0
20.0
33.3
20.8
17.9
19.4
9.5
13.7
23.8
29.3
15.2
13.7
9.7
7.5
25.4
22.4
27.8
22.2
10.8
25.9
17.2
16.7
11.8
14.0
10.4
13.3
13.0
28.6
18.2
22.2
8.6
5.6
24.1
15.6
12.5
20.6
20.7
16.4
3.0
13.2
19.6
20.0
15.2
10.5
10.7
3.2
9.8
16.7
8.7
35.8
16.0
23.1
17.3
8.6
16.3
30.3
25.0
15.3
8.3
23.5
23.6
11.9
16.7
15.8
17.9
14.8
18.5
18.8
14.9
12.8
18.0
29.3
15.8
12.5
7.4
16.0
18.5
19.7
12.1
27.8
20.0
11.7
7.1
22.9
16.2
16.0
27.1
14.7
16.7
28.0
8.8
26.7
30.0
35.9
25.8
21.4
27.3
20.0
19.4
23.1
16.2
15.4
15.4
20.0
5.9
15.9
26.8
20.0
26.7
11.1
5.6
10.7
18.2
19.6
13.8
12.8
19.2
25.9
25.9
26.1
16.7
22.9
10.0
11.8
8.8
12.0
21.8
10.3
18.2
19.1
22.9
21.7
26.2
32.1
30.0
17.9
12.7
8.3
29.7
19.2
17.5
7.1
8.3
25.0
13.8
16.7
12.2
17.2
28.3
24.1
10.5
16.0
20.7
17.6
21.6
22.5
12.8
21.4
16.4
8.1
20.0
13.9
20.0
22.7
17.6
26.2
20.9
15.1
17.2
25.6
18.2
13.7
12.9
19.4
21.4
17.8
24.2
22.9
10.5
16.7
12.2
17.9
26.1
23.2
30.0
21.1
20.5
21.3
36.1
5.3
20.9
10.5
36.2
18.2
20.7
23.1
23.1
10.3
32.3
25.4
21.9
21.8
11.4
14.6
9.3
17.9
20.9
23.5
16.9
20.8
17.4
17.6
24.2
26.7
16.7
12.0
24.2
17.1
12.2
21.9
12.8
19.4
25.7
22.2
26.5
12.9
28.6
15.3
0.0
23.7
19.2
25.0
15.8
14.5
13.5
30.6
19.0
17.8
27.8
20.6
15.9
23.1
21.1
20.0
21.4
15.9
7.1
19.2
13.5
19.4
16.7
9.1
18.5
14.3
14.8
28.6
12.0
18.5
15.4
12.1
18.9
18.8
23.8
20.7
11.1
16.7
8.0
12.5
10.0
9.1
15.0
21.9
25.9
20.0
11.4
13.5
21.7
13.2
17.1
13.9
10.0
21.2
12.5
15.4
22.5
26.7
21.7
9.4
12.2
14.3
15.4
19.0
12.8
18.8
22.2
15.4
22.5
24.2
22.6
20.5
18.8
16.9
14.3
26.7
14.7
8.5
20.0
12.8
17.8
14.3
20.0
14.0
12.0
18.8
11.8
20.0
12.9
7.1
15.4
17.1
19.5
14.0
17.8
21.3
22.2
21.3
17.4
17.9
27.8
19.2
13.3
16.7
14.3
20.7
12.2
4.8
26.3
13.2
18.5
21.4
28.1
20.4
16.7
28.0
35.0
18.8
15.2
10.8
11.6
27.0
18.6
11.5
21.7
20.8
22.2
13.2
9.1
24.6
29.0
14.3
19.0
2.9
15.1
8.7
10.4
5.9
18.6
17.6
21.7
8.3
16.7
21.4
18.5
11.8
14.3
18.8
30.6
17.1
14.6
6.7
20.9
13.8
20.6
22.6
15.6
15.6
27.3
21.1
11.4
25.8
15.6
8.3
20.4
16.7
29.7
22.2
21.1
11.5
16.1
12.5
20.6
32.0
24.2
27.6
17.5
22.2
19.2
17.6
14.3
15.4
10.0
28.6
19.1
15.1
16.7
23.7
10.5
26.8
20.4
18.4
22.6
22.5
13.3
23.5
17.0
14.6
25.5
19.4
18.5
22.9
6.3
17.3
25.0
17.9
17.6
21.0
11.4
18.8
16.4
10.8
20.0
17.6
21.3
19.4
8.1
19.1
11.4
9.1
23.8
13.9
26.7
13.2
19.0
13.5
22.7
19.0
10.8
10.7
28.6
25.5
12.7
21.2
22.2
18.5
23.8
18.0
16.4
13.5
20.7
25.6
6.3
17.0
10.0
25.0
26.7
23.1
30.8
11.9
15.0
6.3
13.0
16.3
26.5
16.4
28.8
17.0
21.1
23.5
20.6
23.9
26.9
13.3
20.4
3.8
20.9
16.7
13.3
20.0
23.6
28.9
15.6
18.8
14.3
20.0
6.5
10.3
9.1
14.3
9.8
21.1
14.6
16.7
22.4
22.7
11.1
23.5
20.0
21.1
11.4
11.5
17.9
20.0
22.6
6.7
14.7
25.8
27.5
32.4
20.0
11.1
25.0
32.1
14.3
7.5
30.0
20.9
8.0
25.0
3.7
16.7
17.4
14.3
35.0
14.3
25.5
23.5
14.3
17.2
20.9
13.6
16.7
21.9
15.9
16.4
19.0
14.3
15.1
20.0
30.8
17.6
14.3
16.7
20.6
24.5
15.1
6.7
5.9
17.6
10.3
16.7
15.9
15.8
25.6
10.3
24.4
18.2
20.8
21.6
15.7
17.6
10.5
10.5
10.7
25.8
23.6
20.0
9.4
5.3
16.1
12.9
16.7
19.2
20.0
11.4
18.6
14.0
16.1
8.3
14.8
43.2
20.8
10.3
17.7
18.6
35.4
21.4
20.5
14.0
11.9
16.0
16.7
16.2
3.8
23.9
8.9
12.5
17.0
12.5
18.5
24.6
16.3
26.8
15.4
11.8
27.5
21.2
22.2
15.8
21.6
23.5
20.6
23.1
13.9
20.0
13.0
14.9
9.1
23.8
9.7
14.6
22.9
19.5
20.0
19.5
16.7
20.0
18.4
23.5
14.8
22.7
33.3
26.5
18.5
8.3
17.0
25.0
10.7
23.7
17.1
33.3
23.1
22.2
20.0
11.5
7.9
18.2
10.0
22.6
11.1
14.3
12.5
32.5
10.0
20.5
18.4
18.2
15.2
21.4
12.5
27.5
16.7
7.9
18.6
21.3
13.6
15.2
11.5
20.0
17.9
25.0
20.0
17.6
20.6
12.0
16.7
10.5
25.8
22.7
17.1
11.9
18.0
16.7
20.0
18.8
25.0
22.0
11.4
13.8
20.5
23.4
28.0
19.4
15.6
17.2
19.6
10.3
20.5
18.6
20.7
21.1
18.2
28.6
11.4
24.2
39.5
28.6
24.1
23.7
17.6
24.4
24.0
21.7
12.3
22.0
10.7
22.0
19.1
21.6
23.1
11.6
18.8
18.6
11.5
15.8
23.8
23.4
19.4
10.4
19.2
20.0
12.9
17.9
10.7
25.0
20.7
15.0
26.3
20.8
12.2
28.6
23.4
27.3
27.1
15.2
16.7
30.0
9.1
20.6
10.0
13.2
14.3
34.4
15.8
10.8
31.0
18.8
19.1
19.0
14.6
29.3
18.4
17.1
19.5
10.3
16.7
6.8
28.0
26.5
28.1
15.6
16.1
28.0
15.4
20.0
9.5
15.2
20.0
17.1
23.3
15.0
15.3
15.8
12.2
22.7
0.0
14.3
18.2
17.1
25.0
30.0
22.4
27.3
22.7
17.6
19.4
14.3
15.2
30.6
17.2
21.7
21.2
12.0
17.9
11.5
19.4
18.4
19.5
21.8
8.3
15.0
22.8
13.2
0.0
28.6
25.0
17.9
18.9
17.2
10.9
30.5
27.3
11.6
17.9
21.7
15.4
7.5
17.0
14.3
22.0
21.4
21.6
33.3
19.5
21.2
20.8
17.5
19.0
10.3
15.6
20.0
14.6
19.7
27.3
28.1
16.1
7.1
20.0
26.3
13.3
18.8
22.8
15.0
25.0
24.1
14.5
30.4
23.0
19.6
26.5
26.0
17.9
19.0
17.1
28.6
21.2
20.4
25.9
19.2
13.5
11.1
13.9
6.9
6.9
23.5
17.5
21.9
18.6
11.5
13.7
9.5
18.8
30.6
25.0
21.6
13.5
7.7
11.9
13.7
23.5
25.0
4.5
23.8
21.9
17.1
24.4
12.9
21.6
17.9
16.0
21.1
17.9
24.1
22.2
21.9
16.4
11.9
37.1
18.2
14.8
12.2
8.8
22.2
14.3
2.4
6.9
0.0
23.4
26.3
15.4
23.0
17.9
25.0
17.6
18.4
30.0
17.9
28.6
14.8
17.1
20.6
12.5
10.0
22.2
22.0
25.6
31.4
15.8
6.3
22.0
10.7
11.8
23.5
6.7
14.0
19.6
11.9
15.2
7.9
26.3
11.9
24.1
18.2
25.0
19.5
20.6
21.2
18.0
18.2
17.9
18.2
13.9
15.5
17.0
12.0
26.6
12.8
13.2
20.0
17.1
13.9
22.7
15.9
21.6
17.2
16.2
17.4
10.9
11.3
20.4
14.0
17.0
18.2
14.3
18.9
7.4
23.3
13.6
9.1
14.3
13.6
17.9
13.6
14.7
22.7
23.5
18.5
25.0
12.9
17.5
22.6
12.5
8.5
12.1
17.0
23.7
9.1
19.2
11.4
15.8
16.7
24.4
20.0
14.3
11.1
17.6
11.8
14.3
14.7
3.6
21.6
34.8
7.7
20.7
15.4
6.3
17.3
21.2
17.9
14.6
25.8
17.9
22.4
17.9
20.6
16.7
13.9
22.6
23.5
13.5
30.4
24.4
13.8
11.9
18.4
18.2
22.6
20.9
12.1
8.1
28.0
25.0
16.9
12.9
29.2
23.3
15.2
21.5
21.2
23.1
20.0
21.1
23.8
10.7
31.0
17.9
23.8
19.4
26.3
16.3
19.2
15.6
22.9
22.2
25.9
12.5
26.5
21.1
12.5
17.7
12.7
16.2
16.9
16.7
25.0
14.8
25.4
14.7
18.2
17.8
22.7
24.2
12.9
22.2
22.7
21.6
11.1
28.6
8.3
21.9
26.3
16.0
19.2
13.5
27.8
22.0
10.0
16.7
20.7
24.2
12.5
12.5
23.4
20.0
27.6
24.2
13.3
22.6
11.7
22.4
17.6
23.7
28.6
27.0
14.8
26.5
18.8
20.0
20.7
25.0
21.1
23.1
7.7
17.1
23.3
17.0
20.7
17.2
7.7
16.3
14.8
35.9
33.3
15.8
21.1
22.4
22.9
27.6
28.1
21.2
23.9
18.3
17.8
27.3
20.7
14.7
27.3
28.1
15.2
32.1
19.2
13.9
22.7
17.6
10.7
20.6
17.1
26.8
26.2
29.6
30.0
14.3
20.5
6.8
24.2
5.6
18.4
20.6
21.1
22.2
18.2
14.3
23.3
8.9
36.8
30.0
28.6
18.2
14.3
21.8
27.6
21.1
6.5
21.4
16.1
27.3
21.4
10.0
28.6
32.1
17.6
12.5
14.0
19.0
30.4
14.7
13.6
23.3
17.2
17.6
3.7
14.8
15.6
9.1
5.6
18.9
20.0
9.8
12.5
33.3
30.3
19.0
18.2
6.3
20.6
11.5
10.0
11.9
0.0
22.0
23.6
17.5
22.2
12.8
0.0
6.5
11.4
27.9
27.6
19.1
17.2
21.1
11.4
18.2
25.0
22.2
16.1
6.1
18.4
10.7
23.1
16.2
21.4
0.0
6.7
29.6
16.1
22.4
27.9
20.6
24.3
30.8
32.0
7.1
11.5
14.6
13.2
3.4
15.8
22.2
23.3
23.7
20.7
21.7
9.4
12.5
15.7
12.5
12.5
20.0
19.3
15.6
19.6
10.9
18.4
23.5
19.0
16.0
25.0
19.2
6.7
13.8
25.0
25.0
11.1
3.7
25.7
18.5
14.3
18.2
27.0
14.6
12.0
15.9
18.8
21.9
18.4
12.5
