41.2
60.0
56.0
54.8
47.5
63.6
47.6
43.8
45.7
50.0
60.6
51.7
51.7
32.4
44.4
36.7
42.9
33.3
40.6
40.6
46.3
27.5
50.0
59.3
62.5
53.3
52.4
40.0
40.0
44.7
36.5
35.3
41.7
42.9
52.9
49.1
40.5
46.2
40.6
40.0
57.7
20.9
40.7
35.1
50.0
34.4
42.4
39.1
33.3
51.2
25.0
47.0
44.7
28.1
50.9
58.3
54.5
28.6
33.3
60.0
51.6
48.3
44.0
53.7
51.2
54.7
68.0
78.7
62.2
47.1
54.5
67.7
46.2
52.2
70.8
63.8
51.1
63.9
62.7
62.5
57.9
38.6
43.2
48.5
55.8
34.1
40.0
73.5
47.9
40.6
41.2
56.7
41.5
43.5
60.0
46.7
41.7
54.1
39.3
35.6
48.9
52.9
41.5
55.2
45.9
40.5
51.6
24.1
48.2
39.1
45.5
52.6
62.0
57.1
58.6
50.0
57.1
37.5
38.6
38.9
33.3
42.6
56.8
30.0
40.5
38.1
42.9
41.7
44.4
55.8
48.6
41.9
46.5
28.6
49.2
58.1
61.1
52.2
53.8
42.9
64.3
71.0
51.7
42.9
54.5
53.8
52.8
58.7
62.5
43.4
30.3
35.5
27.3
43.5
41.9
39.3
31.6
27.9
42.3
39.4
60.5
51.4
51.7
36.2
51.2
36.8
54.0
54.4
44.8
26.2
50.0
45.8
42.9
41.2
37.1
35.3
37.1
22.0
32.3
53.8
35.1
34.9
57.1
52.5
49.2
66.7
51.9
53.5
41.3
58.8
56.7
54.1
54.2
60.0
62.2
62.2
37.0
42.4
38.9
49.1
44.1
41.2
32.7
55.9
33.3
52.8
61.7
68.4
57.9
43.3
52.4
37.5
51.0
53.7
45.0
42.1
45.5
43.2
46.7
50.0
34.6
33.3
49.0
56.3
55.3
35.3
42.9
33.3
33.3
34.0
50.8
48.3
40.6
45.9
36.0
16.0
48.1
33.3
64.1
56.3
57.5
57.1
64.3
53.7
58.5
48.3
52.7
48.0
30.0
42.9
35.5
45.2
46.7
25.9
52.8
50.0
48.3
51.1
52.9
45.5
50.0
45.0
53.8
37.9
40.7
42.6
60.6
45.7
38.3
35.1
50.0
55.2
43.9
50.0
76.2
41.9
48.0
43.2
50.0
30.8
56.9
54.8
61.9
57.1
39.2
48.8
36.8
53.5
45.5
50.0
68.4
47.9
51.0
51.6
29.7
66.7
60.0
51.2
72.4
60.0
70.8
64.5
47.5
48.7
43.2
48.4
46.8
45.5
44.4
43.2
39.7
41.2
39.0
38.5
26.9
46.9
18.9
39.4
51.5
32.3
47.5
51.4
56.7
32.3
46.7
56.0
47.4
51.4
64.7
65.7
45.2
63.0
53.1
60.0
42.3
47.2
44.6
48.3
51.7
56.4
40.9
51.5
40.9
59.4
40.5
47.4
42.9
46.7
51.1
55.6
39.4
38.9
41.1
35.3
48.4
38.7
42.6
28.0
56.3
34.2
41.7
37.5
53.1
50.0
51.7
53.7
65.2
72.4
61.0
38.7
48.5
44.9
47.8
57.1
33.3
48.0
31.8
44.4
38.1
37.9
34.0
25.8
50.0
41.3
63.2
41.9
37.0
69.0
54.1
40.6
50.0
51.7
57.1
42.9
42.1
58.1
40.0
38.2
40.0
55.0
44.4
47.2
48.1
42.9
52.5
47.9
58.8
34.8
47.5
41.3
48.7
54.8
57.4
33.3
42.9
68.4
48.2
46.9
63.4
46.4
40.0
60.0
41.9
38.9
52.6
48.9
53.8
52.0
58.7
54.3
28.2
53.6
30.4
42.9
50.0
39.5
38.1
34.5
47.6
26.3
45.5
35.7
45.5
40.8
35.4
30.0
42.9
38.9
66.0
40.0
50.0
35.7
45.7
32.6
41.0
64.0
45.0
41.9
45.9
52.4
44.1
45.2
39.6
41.0
51.7
43.2
33.3
37.0
32.1
41.5
55.9
60.0
37.5
29.8
37.5
46.9
37.0
31.6
44.0
52.6
42.9
47.4
35.7
42.2
44.7
35.1
33.3
37.9
41.0
57.8
40.9
36.7
38.9
31.0
46.7
55.2
48.6
52.9
43.5
45.1
41.7
54.0
42.3
30.4
40.5
46.2
56.5
40.8
52.8
45.7
60.0
47.1
52.7
45.2
47.7
45.9
48.1
35.0
50.0
35.1
45.5
58.3
48.0
51.7
48.0
55.3
36.9
41.3
58.8
37.5
40.0
33.3
43.2
32.0
34.4
31.6
40.9
25.9
54.1
22.6
43.3
41.0
41.2
50.0
40.0
40.0
61.9
41.2
51.2
42.9
64.3
58.8
54.5
55.6
66.7
44.4
45.5
43.6
41.2
40.0
34.7
25.0
40.6
59.1
46.7
39.1
45.5
58.9
64.7
53.3
80.6
62.5
62.1
56.8
58.3
61.1
69.2
72.9
61.5
62.5
55.3
63.4
46.2
47.8
65.1
40.0
56.3
35.7
50.0
30.2
51.8
51.7
58.3
48.9
35.9
45.5
50.0
36.4
57.5
57.7
54.3
45.7
41.2
44.4
36.4
40.0
53.8
39.4
51.9
63.6
32.0
35.3
43.3
56.7
35.7
50.0
50.0
47.7
53.7
40.7
51.7
53.1
56.5
41.2
48.3
58.7
38.6
45.5
50.0
41.5
45.2
48.6
53.1
51.1
40.9
41.2
30.2
28.9
55.6
53.6
61.8
42.5
42.4
42.9
52.1
43.3
32.0
37.0
47.2
46.3
44.1
44.8
37.8
48.8
27.8
43.8
24.3
45.5
26.5
52.2
32.6
40.0
40.7
53.0
44.4
35.3
51.5
43.5
41.7
53.7
59.0
57.1
52.9
61.1
58.3
66.7
42.9
37.8
47.4
52.2
40.0
44.2
50.0
45.5
42.9
52.8
56.9
57.1
37.1
31.6
26.8
44.8
40.8
19.4
33.3
46.4
37.5
37.8
54.8
47.2
28.1
26.7
43.8
51.7
39.3
53.8
38.9
65.6
59.4
46.9
62.5
63.2
67.3
66.7
60.5
50.9
62.9
51.0
40.0
45.9
47.2
59.0
50.0
37.9
32.7
56.3
48.4
38.2
44.3
48.8
41.2
50.8
50.0
50.0
64.2
58.1
63.9
50.0
47.4
50.8
55.3
52.9
46.9
46.2
57.4
41.7
48.3
40.6
38.5
36.1
56.3
29.2
30.3
49.1
48.1
48.4
40.5
41.7
51.9
55.2
50.0
65.4
39.3
44.4
58.6
51.5
43.2
42.4
47.5
38.6
50.0
50.0
24.3
36.4
39.4
40.0
45.0
56.0
50.0
51.5
63.3
43.2
44.4
28.9
44.6
45.2
47.8
28.0
41.9
30.0
43.8
42.5
40.4
40.6
37.5
70.0
40.6
55.0
39.4
40.4
34.4
44.4
46.5
46.3
48.8
48.1
40.0
31.6
52.3
27.0
46.2
42.6
55.3
33.3
44.1
45.9
53.8
42.5
52.8
34.1
61.0
47.7
51.5
59.3
48.5
51.9
65.6
57.1
54.8
44.0
46.2
64.3
41.9
40.4
30.0
32.5
44.7
48.3
39.5
44.4
34.4
41.7
69.0
52.9
40.5
52.3
46.7
38.5
49.2
52.3
42.9
25.0
35.7
50.0
39.5
28.6
29.2
26.2
32.4
28.9
46.3
28.9
56.3
70.6
56.8
50.0
53.7
49.1
51.4
50.9
64.0
56.3
49.2
59.2
40.9
60.5
64.7
55.2
40.6
60.0
44.9
38.2
36.0
47.4
32.6
43.9
25.0
50.0
51.9
21.7
32.6
50.0
36.4
26.1
43.1
71.4
52.9
50.9
47.6
49.0
62.5
40.0
36.2
19.4
32.5
34.5
34.1
52.0
45.2
29.0
47.4
60.6
50.8
53.3
54.2
20.0
48.4
45.9
61.5
56.8
27.8
37.5
56.8
52.5
46.4
50.0
43.8
52.5
43.9
36.7
54.2
32.0
40.0
51.4
48.6
39.4
50.0
55.0
36.1
50.0
51.9
57.6
48.4
53.6
52.4
42.9
42.3
65.7
35.6
41.2
37.9
45.8
53.1
40.4
50.0
54.0
37.8
42.3
45.3
35.3
58.1
58.3
51.7
58.1
60.0
45.9
53.3
33.9
51.4
36.1
40.0
70.8
60.5
51.2
52.8
41.7
55.6
34.1
50.0
55.3
53.8
40.0
40.0
63.0
36.4
43.2
48.4
33.3
38.5
45.2
44.1
39.3
40.7
37.8
56.0
36.4
49.0
35.9
31.3
34.4
41.4
50.0
57.1
23.8
35.3
31.0
55.3
26.9
52.1
25.6
33.3
64.0
44.4
26.7
53.8
60.0
38.1
50.0
50.0
35.3
37.2
48.8
40.0
51.9
44.1
45.5
35.1
45.5
64.7
38.2
64.7
53.4
55.9
51.9
57.1
60.0
65.5
54.8
48.2
43.8
60.0
41.7
48.5
48.3
58.1
55.3
29.4
59.1
59.2
53.6
45.2
59.2
61.1
49.0
46.7
64.7
40.0
38.3
50.0
48.1
43.2
48.6
54.3
50.0
50.0
46.7
76.2
56.0
45.5
51.2
23.7
54.3
46.0
39.0
54.2
42.9
35.1
41.9
58.2
50.0
58.6
41.2
52.4
47.1
44.1
45.5
50.0
70.6
36.4
48.9
53.8
54.8
52.1
26.7
42.9
33.9
37.5
36.4
44.0
50.0
41.7
50.0
41.0
39.0
39.3
31.6
52.4
29.2
16.0
40.6
46.4
49.1
53.8
37.5
36.4
58.1
57.6
54.5
51.6
51.5
39.5
50.9
46.3
57.8
47.9
36.8
50.0
47.6
72.7
51.3
47.1
52.6
51.9
47.4
55.8
38.1
44.1
51.7
59.6
45.9
57.7
43.9
37.7
23.5
35.5
34.8
38.5
35.7
29.5
31.4
53.2
60.0
45.2
43.9
48.8
24.0
30.4
34.9
41.7
50.0
38.2
46.0
41.9
44.8
28.1
47.9
33.3
47.8
31.7
51.6
51.3
31.0
32.4
55.6
50.9
54.1
29.2
37.1
38.7
51.7
33.3
39.0
26.3
20.7
34.2
26.8
40.5
34.9
36.6
33.3
38.0
47.4
28.3
17.4
45.8
14.3
28.9
35.3
45.2
42.4
52.9
38.0
50.0
53.1
44.8
37.1
64.3
48.7
40.7
50.0
58.6
48.5
66.7
34.2
33.3
51.5
38.9
38.2
57.7
45.7
46.9
42.9
45.8
40.0
50.0
53.3
48.3
50.0
33.3
48.5
36.0
34.6
59.3
50.0
50.0
58.1
45.7
40.6
44.3
42.1
45.0
48.0
59.0
60.0
38.5
38.2
61.3
56.5
53.4
51.6
52.9
44.0
40.0
56.1
41.8
68.8
30.0
48.5
50.0
37.3
40.5
39.6
52.7
60.0
42.6
38.8
63.6
46.2
35.9
33.3
23.5
41.3
33.3
35.5
28.1
47.8
35.5
33.3
39.7
54.5
45.9
32.4
50.0
44.1
37.5
51.4
38.9
40.0
40.3
35.6
37.5
44.9
39.1
44.7
48.6
42.1
35.1
51.3
55.2
51.9
48.6
45.5
52.0
35.8
40.5
25.0
55.6
42.4
34.3
33.3
57.1
40.0
58.8
42.5
36.8
52.5
53.8
32.3
49.1
41.9
30.0
48.6
54.3
50.0
42.9
54.8
43.1
48.0
36.4
51.7
24.3
32.1
26.7
33.3
55.6
36.0
41.0
45.5
51.5
50.8
39.0
46.7
39.4
46.0
44.4
40.7
38.1
48.3
30.0
40.6
57.4
68.0
60.7
54.8
67.4
51.3
57.7
65.8
38.1
50.0
47.1
33.3
25.0
33.3
50.0
38.5
55.6
80.0
61.0
55.8
53.7
50.0
55.6
61.3
75.0
36.1
54.1
50.0
57.6
52.4
48.0
58.6
40.0
40.9
41.3
46.2
55.6
48.6
46.2
41.2
36.4
43.5
40.5
52.2
29.3
57.6
52.8
36.4
42.2
38.1
41.9
38.3
45.5
68.2
46.2
27.9
23.5
84.2
44.4
35.3
35.0
40.8
48.9
34.3
50.9
55.6
56.3
52.1
48.1
45.2
53.3
48.6
52.5
33.3
54.8
50.0
47.4
43.8
45.0
68.3
44.4
55.2
57.7
57.1
50.0
52.9
46.2
46.4
45.8
45.9
56.5
43.2
66.7
65.5
48.7
30.3
50.0
73.1
75.8
44.7
39.3
44.4
46.9
50.0
52.5
41.2
52.0
32.4
51.4
40.0
48.7
48.7
46.3
39.5
40.0
37.8
38.9
41.7
48.7
36.5
76.9
39.3
41.9
44.0
47.6
41.5
29.6
40.0
34.3
26.5
57.6
37.3
34.0
42.5
37.8
38.7
35.0
47.6
40.0
41.4
29.4
40.6
42.9
39.6
43.1
50.0
48.1
44.4
40.5
29.6
33.3
33.3
69.0
63.0
46.4
32.4
54.5
44.8
45.0
70.4
40.9
30.0
26.3
38.5
35.7
30.4
31.4
28.2
35.3
35.0
35.1
48.1
55.9
46.7
52.1
39.4
51.1
48.6
56.3
62.5
32.0
53.2
61.1
33.3
32.4
25.4
40.7
36.4
43.3
33.3
54.1
51.4
58.5
56.5
60.5
51.7
65.6
62.7
62.5
52.8
32.2
31.5
35.7
37.0
52.0
48.6
40.9
28.1
58.8
52.8
52.9
40.4
39.0
58.1
40.0
25.9
52.6
50.0
60.0
29.0
42.5
55.3
44.4
37.7
32.8
57.1
36.4
39.2
23.3
48.4
25.0
38.8
57.7
50.0
60.6
27.3
41.9
76.2
46.4
45.0
48.1
42.9
52.0
50.0
41.5
43.2
40.0
40.0
80.0
57.9
42.1
39.1
48.6
50.0
66.7
48.0
56.9
36.1
52.6
49.0
36.4
52.9
43.2
39.6
31.3
36.4
40.9
42.5
50.0
14.3
42.5
20.9
51.6
43.4
41.8
57.7
40.0
43.3
26.7
34.1
33.3
62.5
58.5
42.6
54.2
59.2
60.5
45.7
45.8
55.0
39.5
36.1
52.4
50.0
47.5
33.3
45.3
61.9
37.5
48.4
34.0
41.2
40.0
33.3
55.9
56.1
51.7
58.7
66.7
45.5
57.1
38.9
48.1
52.9
34.8
36.7
50.0
50.8
46.3
51.1
53.8
38.9
52.5
44.4
47.6
38.2
40.5
60.5
23.5
40.4
43.4
37.5
33.3
42.1
46.0
50.0
54.3
42.4
51.7
35.5
48.6
37.5
32.4
59.0
40.0
39.6
40.4
43.2
45.2
41.9
46.5
56.4
44.0
60.0
43.6
50.0
51.4
49.0
42.1
56.0
58.1
52.6
43.6
48.1
56.8
55.6
42.9
51.6
54.3
43.9
42.6
41.4
34.3
60.0
43.8
48.3
47.0
41.7
55.6
25.8
55.0
28.6
65.0
39.6
65.6
53.3
63.6
50.0
50.0
45.5
33.3
48.4
50.0
48.9
47.5
32.0
43.2
55.3
28.6
51.5
47.5
41.2
47.5
40.5
54.5
65.2
51.7
48.0
48.1
33.3
31.7
42.1
28.0
41.9
23.8
30.6
45.7
52.4
52.9
46.7
48.5
55.9
52.8
50.0
47.2
60.0
41.3
22.6
32.5
54.1
34.8
51.0
44.6
52.2
58.3
48.1
37.9
50.0
44.2
50.0
42.1
45.0
50.0
32.1
28.1
43.5
30.4
32.5
51.3
65.8
60.7
48.8
66.7
61.5
43.8
35.3
55.2
33.3
50.0
44.4
33.3
33.3
48.0
44.4
35.7
44.8
53.7
44.2
41.2
50.0
36.7
30.0
37.8
40.0
51.9
56.4
24.0
23.1
34.5
29.7
45.1
45.3
55.0
44.2
55.0
40.0
46.8
36.6
48.0
30.6
47.8
45.9
26.3
34.0
35.0
29.1
50.0
38.9
42.4
51.9
42.5
58.3
35.7
55.8
35.9
46.7
50.0
54.1
45.7
51.1
60.0
27.3
45.6
50.8
63.6
66.7
48.1
41.2
81.5
53.1
47.1
65.4
47.4
42.4
54.8
44.8
36.1
47.1
43.2
63.2
45.0
54.8
48.6
55.2
47.8
27.3
43.2
43.3
55.6
30.6
45.5
54.2
40.0
36.6
54.1
46.4
37.1
42.9
58.1
42.9
35.5
35.5
50.0
51.4
64.1
41.4
45.0
61.5
52.9
42.9
37.8
51.5
55.6
33.3
25.0
51.1
51.3
43.9
41.2
32.3
29.8
47.2
43.8
50.0
37.5
60.0
55.8
46.6
37.1
41.0
24.2
27.0
33.3
26.3
74.0
70.6
66.7
63.5
42.9
54.8
34.3
51.7
53.4
58.3
78.6
68.6
48.0
40.0
48.1
50.0
42.9
31.8
61.8
51.5
42.5
59.3
21.9
33.3
32.4
35.3
39.7
31.1
39.1
24.0
25.0
20.0
50.8
58.3
48.4
65.5
45.5
51.2
56.1
48.4
48.4
60.0
50.0
57.1
50.0
60.5
54.3
42.5
41.5
47.6
51.4
35.9
41.9
33.3
51.2
48.7
33.3
53.1
31.7
47.7
37.8
48.5
50.0
46.8
53.1
48.4
50.0
20.7
40.5
50.0
48.9
56.0
42.9
48.8
47.1
44.7
56.0
51.2
42.9
27.0
49.2
54.5
61.4
50.0
52.2
57.1
45.8
32.5
38.9
39.3
40.0
35.9
44.8
57.1
36.1
41.9
32.4
40.0
50.0
33.3
38.9
48.1
43.2
41.7
38.8
63.6
47.5
50.0
51.2
46.2
42.4
48.3
65.5
47.2
54.3
53.1
51.7
51.4
43.9
48.4
41.2
36.4
41.2
34.0
50.0
43.3
53.6
33.3
55.2
54.8
60.6
61.1
70.0
48.0
61.8
59.0
46.7
68.4
38.5
28.8
53.7
42.9
30.6
39.3
50.0
50.0
48.5
30.8
48.7
41.5
36.0
41.2
31.4
59.7
40.6
44.4
41.9
48.4
56.5
38.5
50.0
54.2
53.3
53.3
40.0
57.7
62.2
50.0
48.0
42.3
50.0
29.4
31.0
42.9
29.8
45.2
57.1
69.8
38.7
56.5
40.7
58.1
54.3
51.4
40.0
42.3
45.2
50.0
32.3
49.1
44.7
41.7
46.9
34.4
55.6
36.1
60.0
45.8
36.8
36.6
33.3
31.3
51.5
40.5
41.4
56.0
54.5
41.5
60.0
50.0
53.3
51.1
53.6
61.3
51.7
42.4
32.8
33.3
51.8
34.7
45.5
44.9
40.0
36.6
52.9
56.6
49.2
42.0
45.5
44.0
51.3
27.3
45.7
45.0
50.0
46.2
32.5
41.4
35.4
40.6
13.8
28.1
37.3
46.4
40.5
26.5
35.7
48.9
47.0
87.5
41.5
61.1
37.5
43.1
35.3
32.3
39.3
50.0
45.9
39.3
47.1
32.1
62.1
48.6
34.4
46.2
52.6
55.6
40.0
44.0
51.9
29.7
54.5
31.6
28.3
26.0
37.8
42.6
32.4
35.7
40.0
35.3
50.8
38.7
58.1
50.0
51.2
48.0
42.9
46.2
44.8
50.0
45.2
33.8
39.1
29.4
39.3
46.2
49.2
30.6
72.7
58.0
51.3
33.3
28.6
72.2
59.5
50.0
73.1
60.8
54.1
42.9
40.6
56.7
46.9
53.1
70.0
52.0
44.7
48.7
46.4
57.1
42.9
51.9
47.6
51.0
64.6
37.9
48.0
50.0
50.8
50.0
38.7
44.8
40.7
47.5
25.0
42.1
44.3
42.9
47.8
60.0
24.5
43.2
56.7
73.3
68.2
54.5
51.0
56.8
53.2
53.8
43.8
56.5
40.3
43.2
70.0
41.7
46.2
62.5
33.3
56.4
44.1
45.0
38.2
51.7
37.5
29.0
46.4
30.0
46.4
46.7
42.4
47.7
46.3
43.5
35.4
43.1
51.5
16.7
57.7
22.7
53.7
30.3
48.5
57.1
56.4
42.9
36.4
43.3
50.0
45.2
54.8
46.4
46.4
35.7
47.8
45.5
41.4
52.9
46.3
26.5
36.5
25.9
42.9
45.5
31.8
40.9
48.9
54.5
42.4
32.5
50.0
32.1
29.2
53.3
62.1
56.7
59.3
54.3
56.7
48.3
45.2
48.5
51.6
50.0
51.9
33.3
53.6
56.8
43.8
41.2
47.4
35.9
28.6
47.8
41.0
56.3
39.2
66.7
41.5
71.4
52.2
53.2
40.6
38.9
51.0
35.9
48.6
43.8
35.7
48.2
51.7
66.7
47.5
44.0
33.3
55.6
43.6
32.5
44.8
43.8
46.5
44.7
60.3
59.5
50.0
61.9
33.3
42.9
50.0
35.5
39.6
50.0
37.5
42.9
42.9
37.8
43.1
18.5
55.8
60.0
48.3
67.3
55.3
51.7
53.2
14.3
71.7
48.8
56.8
50.0
40.0
46.2
43.3
41.9
44.1
53.6
30.9
51.5
61.7
34.2
36.0
37.2
37.3
68.4
35.1
52.3
50.0
34.5
58.3
36.4
56.0
50.0
44.8
57.1
43.4
53.5
34.3
41.9
41.8
44.4
38.2
36.7
43.8
36.1
47.2
36.4
37.3
39.5
48.1
34.2
31.0
52.0
50.0
32.6
54.8
28.6
45.2
54.5
44.0
50.0
56.8
52.9
32.2
36.7
47.1
45.1
45.2
37.1
41.5
36.7
41.7
56.3
48.0
36.7
36.8
53.8
47.1
49.0
45.9
45.5
45.0
43.1
51.5
45.7
36.0
44.7
38.5
45.0
65.7
69.4
56.3
52.3
48.1
44.4
29.7
42.1
52.0
50.0
54.8
26.7
45.5
29.2
69.0
63.6
62.7
42.3
59.4
58.5
63.0
50.0
41.3
33.3
43.8
43.9
45.5
40.9
50.0
40.0
51.7
63.2
40.9
50.0
48.5
22.2
55.0
34.4
