44.1
65.0
60.0
54.8
57.5
54.5
49.2
43.8
39.1
64.3
60.6
55.2
48.3
38.2
50.0
60.0
46.9
36.1
50.0
53.1
56.1
42.5
47.2
44.4
45.8
60.0
52.4
44.0
51.7
50.0
44.4
64.7
41.7
46.9
58.8
60.4
51.4
57.7
49.3
50.0
65.4
30.2
48.1
36.8
42.3
43.8
42.4
47.8
46.3
43.9
45.0
56.1
44.7
56.3
54.5
38.9
58.2
35.7
50.0
55.0
58.1
55.2
52.0
61.1
46.3
58.5
68.0
63.8
62.2
55.9
51.5
74.2
56.4
58.7
62.5
60.3
55.6
66.7
74.5
43.8
52.6
40.9
50.0
63.6
48.8
47.7
53.3
85.3
58.3
65.6
26.5
55.0
36.6
54.3
60.0
70.0
36.1
45.9
53.6
37.8
55.3
52.9
52.8
51.7
43.2
37.8
48.4
41.4
57.1
30.4
58.2
47.4
72.0
53.6
41.4
62.5
60.0
45.8
56.1
38.9
23.8
42.6
45.5
40.0
56.8
47.6
42.9
38.9
58.3
46.5
54.1
54.8
39.5
33.3
49.2
53.5
47.2
47.8
53.8
40.0
67.9
71.0
50.0
57.1
54.5
61.5
50.0
50.0
60.0
45.3
36.4
45.2
45.5
39.1
60.5
50.0
47.4
48.8
53.8
48.5
60.5
45.9
51.7
42.6
53.5
44.7
58.0
57.9
50.0
50.0
70.0
50.0
50.0
64.7
42.9
61.8
41.9
34.1
51.6
57.7
56.8
39.5
57.1
62.7
45.8
85.7
59.3
53.5
43.5
55.9
55.0
65.6
54.2
68.0
54.1
54.1
59.3
57.6
38.9
50.9
49.2
47.1
53.1
52.9
45.8
50.0
68.1
89.5
56.1
53.3
57.1
58.3
49.0
51.2
42.5
45.6
43.2
40.5
36.7
68.2
38.5
42.9
53.1
43.8
46.8
41.2
42.9
52.4
43.6
44.0
54.2
51.7
50.0
59.5
52.0
40.0
44.4
38.9
64.1
53.1
50.0
67.9
61.9
61.0
48.8
51.7
60.0
40.0
40.0
37.1
58.1
48.4
44.4
33.3
50.0
54.0
55.2
60.0
67.6
51.5
56.3
50.0
41.0
62.1
52.5
55.3
57.6
57.1
59.6
35.1
50.0
50.0
43.9
53.8
71.4
48.4
24.0
43.2
45.8
26.9
56.9
48.4
66.7
66.7
41.2
34.1
57.9
53.5
43.9
50.0
50.0
45.8
45.1
64.5
59.5
63.3
61.7
58.5
65.5
74.5
62.5
64.5
42.6
59.0
40.5
48.4
42.6
51.5
46.7
45.9
42.9
47.1
51.2
48.7
42.3
53.1
27.0
33.3
48.5
45.2
60.7
59.5
60.0
45.2
53.3
44.0
59.6
51.4
61.8
62.9
48.4
40.7
56.3
46.7
38.5
77.8
46.2
41.4
51.7
41.0
50.0
54.5
38.6
59.4
35.1
50.0
60.7
51.1
53.3
52.8
51.5
36.1
50.0
35.3
54.8
38.7
42.6
28.0
48.4
47.4
44.4
15.6
50.0
36.4
55.2
65.9
60.9
51.7
61.0
46.8
45.5
57.1
65.2
47.6
39.7
72.0
54.5
51.9
40.5
31.0
52.0
48.4
48.5
60.9
78.9
41.9
44.4
79.3
51.4
46.9
46.8
58.3
66.7
55.4
42.1
51.6
62.9
52.9
50.0
40.0
48.1
56.6
51.9
51.4
57.5
56.3
58.8
52.2
47.5
65.2
53.8
64.5
55.3
33.3
51.4
63.2
50.0
56.3
61.0
57.1
40.0
65.7
54.8
55.6
42.1
40.4
41.0
58.0
47.8
45.7
51.3
50.0
41.1
50.0
54.8
46.5
35.7
41.4
38.1
42.1
54.5
44.6
45.5
61.2
39.6
43.3
28.6
61.1
52.0
40.0
52.3
42.9
60.0
48.8
42.6
60.0
48.3
38.7
54.1
71.4
50.0
45.2
49.1
43.6
44.8
37.8
36.4
40.7
50.0
41.5
58.8
36.7
43.8
27.7
40.0
38.8
39.1
26.3
48.0
47.4
42.9
52.6
35.7
44.4
46.8
37.8
40.7
55.2
42.6
57.8
50.0
60.0
52.8
52.4
50.0
55.2
45.9
50.0
47.8
41.2
58.3
60.0
65.4
56.5
54.1
69.2
56.5
63.3
58.3
51.4
55.6
47.1
49.1
58.1
45.5
37.8
59.3
47.5
52.8
54.1
50.9
58.3
48.0
69.0
60.0
47.4
43.1
52.2
41.2
46.9
46.7
42.4
45.5
40.0
37.7
31.6
54.5
40.7
62.2
35.5
33.3
51.3
58.8
43.8
44.0
40.0
76.2
45.1
51.2
42.9
50.0
73.5
66.7
55.6
62.5
52.8
56.4
53.8
55.9
31.7
53.1
41.7
50.0
50.0
36.7
43.5
63.6
66.1
52.9
50.0
80.6
58.3
72.4
59.1
65.0
66.7
73.1
77.1
65.4
68.8
53.2
61.0
51.3
39.1
55.8
55.0
59.4
26.2
57.1
46.5
55.4
44.8
44.4
53.2
43.6
51.5
68.2
54.5
50.0
57.7
65.7
45.7
35.3
47.2
43.6
52.0
53.8
48.5
53.7
63.6
32.0
29.4
53.3
63.3
46.4
44.4
50.0
52.3
48.8
48.1
37.9
65.3
43.5
47.1
50.0
45.7
59.1
48.5
60.0
46.3
54.8
48.6
56.3
44.7
52.3
44.1
53.5
42.2
59.3
53.6
55.9
47.5
69.7
64.3
56.3
40.0
32.0
51.9
36.1
51.2
61.8
53.4
44.4
43.9
36.1
75.0
29.7
48.5
35.3
47.8
37.2
46.7
57.4
53.0
55.6
35.3
36.4
43.5
52.8
58.5
65.6
62.5
50.0
58.3
70.8
66.7
53.1
43.2
54.4
56.5
41.8
51.2
68.8
51.5
54.3
52.8
53.4
57.1
37.1
38.6
34.1
51.7
38.8
38.7
31.0
60.7
41.7
48.6
42.9
56.6
25.0
20.0
51.6
44.8
46.4
51.9
44.4
59.4
62.5
40.6
43.8
68.4
55.8
50.0
60.5
58.2
68.6
49.0
51.4
54.1
58.3
59.0
55.9
65.5
49.0
56.3
61.3
52.9
49.2
58.1
64.7
50.8
63.2
63.3
62.3
64.5
58.3
56.5
57.9
57.1
55.3
61.8
45.3
59.0
57.4
45.8
44.8
62.5
61.5
47.2
53.1
41.7
37.9
56.6
40.7
67.7
40.5
39.6
61.1
55.2
70.7
65.4
60.7
55.6
62.1
60.6
48.6
45.5
49.2
34.1
46.2
60.7
37.8
33.3
48.5
44.0
63.3
64.0
57.1
57.6
63.3
54.1
52.8
42.1
58.9
48.4
39.1
36.0
54.8
45.0
50.0
47.5
50.9
34.4
40.6
55.0
46.9
62.5
54.5
50.9
53.1
40.7
51.2
61.0
48.8
51.9
36.0
28.9
63.6
48.6
53.8
53.2
55.3
37.3
47.1
45.9
53.8
47.5
66.7
41.5
61.0
45.5
57.6
50.0
57.6
63.0
56.3
42.9
40.5
44.0
48.7
42.9
38.7
44.2
45.0
42.5
28.9
55.2
50.0
55.6
34.4
50.0
62.1
64.7
56.8
54.5
46.7
49.2
47.5
50.0
61.9
41.7
35.7
44.1
48.8
35.7
29.2
40.5
35.1
42.2
58.5
40.0
56.3
64.7
62.2
50.0
51.2
49.1
45.7
52.8
64.0
62.5
54.2
61.2
63.6
79.1
61.8
44.8
45.3
55.0
49.3
64.7
48.0
50.0
45.7
51.2
47.2
41.7
37.0
28.3
41.3
34.4
50.0
32.6
49.0
57.1
64.7
52.8
52.4
54.9
62.5
46.7
40.4
44.4
45.0
45.5
36.6
60.0
38.7
38.7
56.1
51.5
57.6
50.0
50.0
52.0
58.1
48.6
53.8
45.9
50.0
53.1
40.9
47.5
57.1
40.9
50.0
62.5
57.9
43.3
66.7
52.0
70.0
48.6
48.6
42.4
60.0
50.0
47.2
70.0
46.2
60.6
51.6
60.7
61.9
50.0
61.5
62.9
42.2
52.9
39.7
33.3
56.3
38.3
58.3
52.0
56.8
50.0
43.8
44.1
61.3
58.3
44.8
51.6
63.3
56.8
66.7
42.4
51.4
55.6
45.0
62.5
47.4
48.8
58.5
50.0
55.6
39.0
38.2
52.6
61.5
30.0
53.3
59.3
36.4
54.5
61.3
48.5
46.2
45.2
38.2
50.0
49.2
35.1
48.0
22.7
33.3
28.2
46.9
50.0
31.0
46.7
66.7
28.6
41.2
45.2
52.6
53.8
52.1
35.9
43.3
60.0
63.9
46.7
46.2
50.0
57.1
53.3
50.0
55.9
34.9
53.5
43.3
48.1
47.1
49.1
48.6
48.5
61.8
50.0
61.8
58.6
50.8
44.4
60.0
65.0
65.5
54.8
58.9
43.8
51.4
50.0
57.6
58.6
67.4
42.1
41.2
63.6
53.1
60.7
52.4
63.3
41.7
52.9
53.3
67.6
56.7
42.6
42.9
46.3
48.6
45.9
65.7
56.3
56.9
53.3
76.2
42.0
43.9
51.2
47.4
54.3
54.0
34.1
54.2
64.3
45.9
45.2
65.5
64.7
48.3
47.1
64.3
50.0
38.2
57.6
40.0
52.9
43.6
62.2
43.6
51.6
56.3
33.3
57.1
41.9
55.0
38.6
44.0
50.0
55.6
41.7
53.8
47.5
46.4
44.7
52.4
45.8
32.0
37.5
57.1
60.0
58.5
42.9
45.5
71.0
60.6
45.5
58.1
51.5
39.5
43.4
43.9
53.3
45.8
42.1
43.8
60.3
69.7
64.1
50.0
55.3
63.0
57.9
50.0
33.3
58.8
55.2
51.1
48.6
50.0
48.8
50.8
41.2
41.9
52.2
38.5
42.9
45.5
51.4
59.6
72.0
35.5
48.8
51.2
32.0
41.3
32.6
50.0
55.9
44.1
56.0
46.5
62.1
31.3
37.5
36.7
47.8
41.5
41.9
46.2
37.9
29.4
58.3
60.0
48.6
33.3
48.6
29.0
48.3
37.0
56.1
36.8
41.4
31.6
34.1
45.9
30.2
51.2
51.1
54.0
49.1
41.7
39.1
37.5
23.8
36.8
26.5
41.9
54.2
50.0
52.0
28.6
43.8
31.0
42.9
54.8
53.8
42.6
50.0
48.3
54.5
43.3
44.7
45.2
48.5
41.7
50.9
50.0
48.6
53.1
42.9
54.2
66.7
52.1
63.3
41.4
55.6
42.2
54.5
44.0
42.3
63.0
52.8
42.3
58.1
51.4
46.9
42.6
52.6
57.5
36.0
61.5
57.5
38.5
52.9
77.4
60.9
56.9
32.3
47.1
56.0
46.7
51.2
47.3
62.5
50.0
45.5
52.3
47.5
50.0
50.9
52.7
58.2
50.0
40.8
72.7
65.4
51.3
47.6
44.1
41.3
50.0
32.3
43.8
39.1
38.7
51.3
41.4
45.5
55.7
45.9
46.2
70.6
40.0
45.7
55.6
50.0
45.2
35.6
43.8
38.8
69.6
52.6
41.9
57.9
45.9
43.6
65.5
40.7
40.5
54.5
68.0
37.3
51.4
25.0
62.2
60.6
42.9
50.0
62.9
45.5
55.9
47.5
52.6
55.9
53.8
41.9
49.1
45.2
36.7
51.4
41.3
45.0
50.0
47.6
43.1
48.0
50.0
44.8
40.5
53.6
50.0
56.4
61.1
44.0
47.5
57.6
54.5
58.5
56.1
60.0
48.5
42.0
41.7
46.3
42.9
55.2
46.0
50.0
50.0
52.0
64.3
74.2
52.2
51.3
57.7
57.9
47.6
50.0
47.1
38.3
46.9
33.3
41.7
46.2
55.6
80.0
55.9
48.1
50.0
59.1
61.1
64.5
67.9
52.8
43.2
41.7
54.5
54.8
48.0
48.3
46.7
31.8
61.9
34.6
52.8
56.8
46.2
55.9
36.4
47.8
43.2
60.9
36.6
57.6
64.2
45.5
53.1
47.6
51.6
51.1
72.7
65.9
56.4
32.6
58.8
68.4
38.9
27.5
35.0
40.8
53.2
37.1
52.8
44.4
62.5
60.4
51.9
41.9
53.3
40.0
49.2
25.0
62.9
60.7
42.1
50.0
52.5
63.4
46.3
58.6
38.5
66.7
53.3
52.9
73.1
64.3
50.8
54.1
47.8
40.9
59.3
65.5
53.8
42.4
50.0
65.4
57.6
63.2
50.0
46.7
53.1
50.0
61.0
52.9
56.0
54.1
65.7
47.5
53.8
59.0
41.5
42.1
26.7
67.6
50.0
56.3
56.4
34.6
69.2
50.0
41.9
44.0
57.1
36.6
37.0
60.0
45.7
50.0
60.6
47.1
39.6
47.5
43.2
38.7
40.0
61.9
51.4
62.1
38.2
45.3
33.3
58.3
48.3
63.3
51.9
51.9
45.2
37.0
27.8
43.3
55.2
66.7
58.0
32.4
51.5
44.8
45.0
74.1
45.5
46.7
31.6
43.6
46.4
52.2
35.3
41.0
52.9
30.0
51.4
48.1
52.9
62.2
56.3
39.4
46.8
51.4
53.1
70.8
64.0
55.3
66.7
39.4
44.1
45.8
37.0
52.3
30.0
37.0
51.4
43.2
52.8
56.5
44.7
55.2
65.6
66.7
58.3
52.8
40.7
37.0
42.9
40.7
64.0
43.2
61.4
37.5
47.1
62.3
64.7
42.1
26.8
48.4
46.7
51.9
57.9
45.5
52.7
41.9
45.0
52.6
51.1
35.8
53.7
57.1
48.5
45.1
27.9
74.2
31.3
38.8
50.0
43.3
42.4
39.4
41.9
71.4
39.3
45.0
55.6
52.4
44.0
43.3
56.1
73.0
48.9
44.0
65.0
49.1
47.4
47.8
54.3
48.1
66.7
52.0
58.8
50.0
73.7
53.1
48.5
61.8
67.6
64.6
37.5
45.5
45.5
42.5
52.8
26.2
62.5
37.2
64.5
45.3
52.7
61.5
47.5
46.7
26.7
51.2
41.7
37.5
69.8
59.3
75.0
65.3
57.9
51.4
59.3
60.0
41.9
38.9
47.6
66.7
42.5
38.1
60.4
66.7
43.8
48.4
46.8
58.8
46.7
57.6
67.6
63.4
69.0
58.7
61.9
40.9
57.1
50.0
48.1
60.8
34.8
56.7
62.5
42.9
56.1
48.9
43.6
50.0
54.2
44.4
50.0
38.2
40.5
53.5
52.9
45.6
54.7
43.8
54.5
60.5
56.0
61.5
48.6
45.5
61.7
45.2
42.9
45.8
38.2
53.8
30.0
58.3
57.9
51.4
58.1
51.6
65.1
69.2
64.0
53.3
51.3
54.3
51.4
49.0
60.5
64.0
64.5
68.4
38.5
59.3
54.1
55.6
40.8
41.9
45.7
51.2
49.2
44.8
42.9
60.0
56.3
37.9
47.0
47.2
59.3
29.0
55.0
35.7
62.5
47.2
56.3
46.7
54.5
47.7
39.3
58.2
44.4
41.9
46.2
55.3
57.6
48.0
45.9
63.2
46.4
57.6
45.9
52.9
54.2
45.9
63.6
52.2
44.8
52.0
50.0
66.7
55.6
52.6
52.0
58.1
42.9
50.0
42.9
54.0
50.0
40.0
57.6
35.3
50.0
52.6
61.1
53.3
58.7
25.8
50.0
59.5
50.0
51.0
44.6
52.2
62.5
46.2
55.2
44.4
44.2
50.0
42.1
35.0
54.8
42.9
28.1
37.0
43.5
42.5
53.8
71.1
62.5
56.1
80.0
69.2
54.2
38.2
53.4
60.0
55.2
59.3
45.5
41.2
52.0
36.1
50.0
50.0
48.8
46.5
58.8
67.9
49.0
53.3
56.8
49.2
57.4
35.9
32.0
38.5
41.4
35.1
47.1
43.4
60.0
51.2
57.5
30.0
40.4
48.8
52.0
38.9
63.0
67.6
39.5
46.8
47.5
32.7
53.2
41.7
51.5
59.3
42.5
69.4
40.5
62.8
43.6
46.7
46.8
56.8
40.0
46.8
67.5
34.5
64.9
49.2
54.5
81.0
37.0
50.0
70.4
62.5
55.9
65.4
56.1
30.3
61.9
58.6
52.8
44.1
45.9
63.2
51.7
59.5
51.4
62.1
54.3
54.5
52.3
55.0
66.7
38.8
81.8
64.6
57.5
48.8
49.2
62.5
60.0
54.3
64.5
46.4
51.6
45.2
37.9
54.3
61.5
44.8
55.0
65.4
41.2
42.9
45.9
63.6
47.2
41.7
58.3
48.9
59.0
39.0
41.2
38.7
36.2
44.4
53.1
46.9
41.7
48.0
57.7
48.3
42.9
41.0
30.3
40.5
48.1
26.3
70.0
105.9
57.6
71.2
48.2
64.3
45.7
69.0
55.2
51.7
60.7
51.4
56.0
40.0
66.7
50.0
52.4
27.3
61.8
60.6
45.0
48.1
31.3
36.7
39.7
44.1
49.2
33.3
52.2
52.0
42.9
28.6
52.5
47.2
45.2
62.1
56.8
63.4
43.9
48.4
53.2
60.0
56.3
50.0
65.0
57.9
47.8
50.0
52.3
50.0
56.8
51.3
51.6
60.0
62.8
53.8
42.9
40.6
41.7
47.7
51.1
57.6
29.5
42.6
43.8
41.9
63.2
37.9
56.8
72.2
48.9
56.0
57.1
60.5
50.0
47.4
44.0
41.9
35.7
37.8
42.9
54.5
47.7
52.9
69.6
38.1
45.8
52.5
55.6
36.1
56.4
43.6
62.1
50.0
50.0
48.8
50.0
40.0
46.9
52.1
63.9
48.1
56.8
54.2
38.8
69.7
42.5
42.3
48.8
65.4
45.5
41.4
51.7
58.3
60.0
57.1
62.1
45.7
48.8
54.8
58.8
33.3
35.3
36.0
35.7
46.7
46.4
47.2
53.4
54.8
48.5
61.1
60.0
64.0
61.8
64.1
40.0
42.1
46.2
38.5
39.0
57.1
42.9
35.7
48.3
63.9
48.5
50.0
59.0
46.3
48.0
50.0
51.4
61.3
50.0
63.9
54.8
58.1
52.2
50.0
42.9
62.5
66.7
64.4
54.3
65.4
62.2
66.7
48.0
53.8
46.9
43.1
38.1
42.9
55.3
48.4
71.4
62.8
41.9
52.2
55.6
60.5
56.5
65.7
41.7
65.4
45.2
56.8
38.7
54.5
65.8
41.7
53.1
37.7
38.9
41.7
70.0
50.0
47.4
41.5
46.0
43.8
51.5
56.8
51.7
72.0
63.6
61.0
58.5
43.8
44.4
61.7
50.0
61.3
62.1
54.5
48.3
52.4
55.4
38.8
54.5
46.9
62.5
46.3
47.1
56.6
50.8
46.0
118.2
40.0
48.7
43.2
65.7
50.0
56.3
53.8
42.5
41.4
45.8
43.8
24.1
43.9
42.4
46.4
47.6
41.2
42.9
55.6
59.1
50.0
43.9
52.8
47.5
50.0
35.3
35.5
50.0
34.6
48.6
46.4
47.1
46.4
44.8
62.9
45.9
51.3
56.1
58.3
48.0
48.0
48.1
35.1
51.5
42.1
34.0
40.0
45.9
40.7
51.4
50.0
60.0
50.0
54.0
45.2
48.4
50.0
44.2
32.0
35.7
61.5
56.9
57.5
61.3
38.5
54.3
38.2
47.5
61.5
41.0
40.8
54.5
56.0
53.8
52.4
47.6
72.2
62.2
50.0
73.1
62.7
51.4
48.6
42.2
46.7
59.4
53.1
70.0
56.0
55.3
46.2
28.6
35.7
63.3
59.6
57.1
53.1
58.3
37.9
48.0
50.0
52.5
32.4
48.4
41.4
40.7
47.5
40.0
47.4
52.5
51.4
43.5
50.0
36.7
54.1
55.0
106.7
65.9
54.5
58.8
64.9
55.3
59.0
62.5
52.2
46.8
43.2
70.0
54.2
41.0
65.0
45.5
61.8
50.8
40.0
38.2
65.5
59.4
35.5
58.0
25.0
50.0
60.0
42.4
44.6
48.8
52.2
35.4
41.5
33.3
29.2
50.0
22.7
36.6
39.4
42.4
60.0
66.7
61.9
63.6
46.7
64.0
41.9
52.4
53.6
52.2
59.5
60.9
59.1
55.2
58.8
51.2
47.1
51.9
55.6
50.0
54.5
38.6
50.0
59.6
54.5
50.8
35.0
60.7
46.4
50.0
50.0
65.5
56.7
57.6
54.3
53.3
48.3
58.1
60.6
60.9
40.9
55.6
44.4
57.1
48.6
56.3
41.2
44.7
42.2
28.6
54.3
41.0
56.3
56.9
50.0
60.0
76.2
47.8
46.8
37.5
50.0
64.7
48.7
54.1
46.9
57.1
50.0
58.6
60.0
52.5
48.0
38.1
51.9
49.1
35.0
58.6
50.0
51.2
44.7
65.5
54.8
58.8
52.4
61.1
52.4
65.0
54.8
52.1
40.0
53.1
45.7
42.9
40.5
49.0
40.7
59.6
65.0
44.8
67.3
60.5
51.7
59.6
42.9
69.8
43.9
54.1
53.3
42.5
57.7
43.3
58.1
44.1
53.6
60.0
54.5
53.2
44.7
44.0
41.9
44.1
68.4
43.2
45.5
61.5
44.8
52.8
45.5
56.0
44.7
55.2
53.1
39.6
53.5
45.7
35.5
38.8
27.8
47.1
50.0
59.4
50.0
39.6
40.9
39.0
50.0
55.6
50.0
44.8
40.0
52.8
37.0
52.4
50.0
54.8
68.2
44.0
45.2
50.0
58.8
52.5
46.7
44.1
52.9
51.6
45.7
43.9
43.3
47.2
53.1
64.0
53.3
44.7
66.7
51.0
40.8
59.5
51.5
56.7
53.4
51.5
56.5
32.0
44.7
53.8
55.0
51.4
58.3
58.3
54.5
63.0
42.2
35.9
57.9
44.0
50.0
45.2
33.3
43.2
37.5
72.4
66.7
62.7
34.6
50.0
58.5
51.9
55.3
52.4
37.5
47.9
40.4
39.4
56.8
54.2
55.0
53.4
42.1
56.8
62.5
51.5
33.3
45.0
37.5
