12.5
7.1
48.4
32.4
30.8
25.0
30.0
34.8
19.0
40.0
37.5
16.7
43.8
21.2
35.7
38.2
17.2
7.7
33.3
25.9
44.4
26.5
26.3
40.0
30.3
36.8
26.5
22.2
31.6
25.8
25.0
23.9
21.7
37.0
24.0
29.7
37.8
27.6
40.6
35.3
24.0
35.1
20.0
29.4
36.0
25.7
28.6
16.1
28.0
24.1
34.6
31.0
23.8
37.9
31.3
28.1
34.8
13.3
27.9
27.6
22.2
5.3
20.7
30.6
25.6
42.1
41.4
24.1
32.3
25.7
23.7
30.0
14.7
26.1
35.3
16.7
37.1
30.3
26.1
41.4
31.8
23.4
21.9
25.0
31.3
26.3
31.0
24.0
26.8
17.1
26.9
22.9
33.3
22.2
36.4
46.2
29.2
19.0
28.0
43.3
30.6
29.2
23.1
31.7
29.0
25.9
29.6
18.2
21.6
30.3
22.6
34.3
42.3
36.4
14.3
29.0
33.3
33.3
23.5
24.3
20.0
30.0
17.1
45.7
30.2
34.2
24.0
22.0
26.7
38.5
38.5
30.0
29.5
32.5
22.2
23.3
45.5
19.7
30.8
26.8
31.0
27.1
29.4
22.7
22.2
33.3
23.3
22.5
21.9
28.6
24.0
46.9
33.3
37.9
14.3
13.3
28.6
21.9
40.0
26.5
18.8
25.9
27.0
36.4
35.6
23.7
34.5
38.2
35.3
23.3
29.7
31.6
21.2
32.4
32.6
32.3
50.0
44.4
36.4
28.6
23.5
35.7
27.6
23.3
28.6
31.6
27.1
21.1
42.9
41.2
29.1
22.2
31.9
21.9
21.4
24.5
25.0
10.5
15.4
23.7
50.0
37.1
24.5
5.0
27.7
28.1
57.7
34.4
25.6
21.2
37.1
27.5
25.0
20.0
33.3
37.0
19.4
12.7
32.1
20.8
22.2
23.8
43.3
25.0
20.8
26.9
26.3
30.6
28.1
29.5
22.9
23.8
30.8
34.8
25.0
17.9
20.7
27.6
30.0
40.0
16.3
34.2
35.8
28.6
35.3
23.3
10.3
18.8
15.4
28.0
15.0
36.0
31.0
18.5
35.1
25.7
33.3
27.3
36.4
32.0
17.9
7.7
44.4
34.3
25.0
23.1
30.8
25.0
24.1
26.9
25.0
9.1
39.5
15.0
34.4
27.3
14.3
25.8
26.3
23.5
34.2
17.2
50.0
29.0
25.0
23.5
44.8
6.7
33.3
33.3
37.9
30.0
38.5
42.9
30.8
29.2
36.7
28.8
35.5
24.3
35.5
30.6
27.5
27.8
9.5
22.5
43.8
44.1
25.9
29.5
21.4
37.8
37.5
21.7
21.2
32.0
9.1
23.3
25.0
26.3
19.6
40.0
56.7
28.9
28.1
29.6
25.0
24.1
15.8
32.5
13.0
22.2
35.3
23.1
33.3
32.0
19.0
27.3
39.4
38.6
20.0
12.5
29.0
43.9
23.1
24.3
21.4
21.4
31.4
26.1
16.7
25.8
29.5
21.4
38.2
40.0
37.0
16.7
35.7
26.7
24.1
33.3
22.2
33.3
27.0
24.2
27.3
30.8
23.8
29.2
31.3
