35.3
75.0
64.0
52.4
60.0
54.5
58.7
40.6
56.5
57.1
66.7
55.2
37.9
32.4
50.0
60.0
49.0
38.9
59.4
56.3
61.0
52.5
44.4
40.7
50.0
56.7
61.9
44.0
50.0
44.7
42.9
58.8
45.8
44.9
58.8
49.1
51.4
57.7
50.7
42.5
65.4
27.9
44.4
45.6
46.2
40.6
48.5
39.1
44.4
48.8
45.0
53.0
50.0
62.5
52.7
44.4
54.5
50.0
58.3
55.0
54.8
55.2
48.0
61.1
51.2
67.9
60.0
68.1
62.2
55.9
51.5
64.5
51.3
58.7
58.3
62.1
48.9
61.1
72.5
43.8
52.6
36.4
50.0
63.6
53.5
47.7
60.0
82.4
45.8
59.4
32.4
56.7
29.3
52.2
50.0
66.7
50.0
51.4
42.9
37.8
48.9
47.1
49.1
55.2
43.2
43.2
51.6
41.4
46.4
34.8
50.9
47.4
66.0
57.1
62.1
56.3
54.3
45.8
43.9
38.9
28.6
46.8
50.0
40.0
48.6
50.0
42.9
33.3
55.6
46.5
56.8
51.6
44.2
26.2
55.9
55.8
61.1
47.8
50.0
48.6
75.0
74.2
41.7
38.1
50.0
56.4
58.3
52.2
60.0
45.3
39.4
41.9
54.5
28.3
58.1
60.7
44.7
46.5
50.0
54.5
52.6
48.6
62.1
51.1
44.2
42.1
54.0
54.4
53.4
52.4
60.0
75.0
46.4
61.8
48.6
55.9
50.0
34.1
48.4
50.0
48.6
37.2
42.9
57.6
44.1
90.5
59.3
44.2
50.0
44.1
58.3
57.4
50.0
68.0
56.8
56.8
51.9
60.6
38.9
56.4
55.9
44.1
36.7
52.9
47.9
52.8
63.8
68.4
59.6
56.7
57.1
54.2
52.9
48.8
52.5
59.6
52.3
32.4
43.3
59.1
34.6
52.4
46.9
50.0
53.2
47.1
38.1
66.7
51.3
44.0
49.2
40.0
40.6
54.1
48.0
36.0
25.9
38.9
59.0
50.0
47.5
57.1
54.8
63.4
58.5
58.6
54.5
42.0
30.0
40.0
58.1
51.6
53.3
33.3
55.6
52.0
48.3
66.7
67.6
48.5
68.8
45.0
43.6
58.6
50.8
53.2
54.5
54.3
53.2
32.4
62.5
48.3
47.4
50.0
57.1
45.2
48.0
37.8
50.0
26.9
58.8
61.3
57.1
61.9
41.2
34.1
42.1
53.5
43.9
46.2
50.0
52.1
39.2
48.4
56.8
70.0
66.7
58.5
62.1
69.1
54.2
58.1
36.1
53.8
37.8
48.4
44.7
45.5
40.0
45.9
38.1
52.9
56.1
51.3
38.5
53.1
27.0
33.3
45.5
35.5
57.4
51.4
63.3
58.1
53.3
56.0
61.4
48.6
50.0
60.0
54.8
63.0
53.1
46.7
50.0
66.7
44.6
41.4
48.3
48.7
47.7
57.6
36.4
62.5
43.2
57.9
64.3
46.7
51.1
55.6
51.5
30.6
50.0
41.2
54.8
38.7
42.6
28.0
50.0
47.4
52.8
18.8
50.0
45.5
48.3
68.3
43.5
62.1
58.5
46.8
45.5
55.1
47.8
47.6
47.6
80.0
50.0
46.3
33.3
34.5
54.0
41.9
50.0
52.2
63.2
39.5
48.1
72.4
56.8
46.9
48.4
48.3
57.1
50.0
39.5
41.9
62.9
52.9
55.0
45.0
48.1
49.1
55.6
60.0
55.0
50.0
55.9
69.6
57.5
52.2
51.3
61.3
57.4
50.0
48.6
68.4
55.4
56.3
63.4
50.0
45.7
62.9
53.2
52.8
36.8
48.9
33.3
58.0
58.7
48.6
51.3
50.0
35.7
53.6
61.9
48.8
42.9
37.9
47.6
44.7
48.5
46.4
52.3
55.1
39.6
36.7
42.9
55.6
56.0
42.0
56.8
57.1
51.4
46.5
45.9
64.0
55.0
32.3
45.9
52.4
41.2
41.9
43.4
48.7
46.6
45.9
39.4
48.1
46.4
39.0
61.8
36.7
50.0
25.5
37.5
42.9
37.0
23.7
36.0
50.0
38.1
55.3
46.4
42.2
42.6
35.1
37.0
51.7
44.3
55.6
47.7
46.7
58.3
47.6
41.7
58.6
48.6
47.1
56.5
35.3
44.4
52.0
46.2
60.9
54.1
67.3
65.2
59.2
63.9
51.4
53.3
47.1
54.5
64.5
43.2
48.6
59.3
52.5
47.2
45.9
58.2
55.6
44.0
58.6
58.0
42.1
38.5
52.2
41.2
46.9
46.7
48.5
43.2
40.0
39.3
47.4
54.5
40.7
62.2
38.7
36.7
51.3
50.0
43.8
44.0
43.3
71.4
41.2
43.9
52.4
57.1
73.5
54.5
58.3
62.5
55.6
56.4
53.8
52.9
31.7
57.1
52.8
46.9
54.5
46.7
47.8
60.6
64.3
56.9
56.7
64.5
45.8
55.2
59.1
66.7
55.6
69.2
70.8
61.5
56.3
44.7
58.5
56.4
43.5
60.5
52.5
65.6
35.7
57.1
46.5
51.8
48.3
44.4
46.8
53.8
54.5
54.5
54.5
60.0
65.4
71.4
51.4
35.3
47.2
50.9
52.0
57.7
51.5
50.0
59.1
36.0
32.4
56.7
60.0
53.6
38.9
39.5
40.9
39.0
44.4
37.9
65.3
47.8
47.1
48.3
39.1
61.4
48.5
52.5
39.0
57.1
59.5
53.1
44.7
47.7
47.1
55.8
28.9
61.1
39.3
64.7
52.5
63.6
67.9
60.4
36.7
36.0
40.7
33.3
46.3
58.8
50.0
40.0
48.8
41.7
62.5
18.9
51.5
50.0
49.3
39.5
46.7
55.6
45.5
55.6
44.1
51.5
47.8
38.9
70.7
62.3
53.6
47.1
55.6
70.8
61.9
46.9
62.2
52.6
39.1
43.6
48.8
75.0
51.5
51.4
55.6
46.6
60.0
48.6
36.8
39.0
34.5
42.9
45.2
35.7
53.6
45.8
37.8
40.5
56.6
25.0
20.0
53.1
46.6
53.6
46.2
41.7
56.3
65.6
46.9
56.3
68.4
59.6
56.7
69.8
56.4
60.0
43.1
45.7
54.1
61.1
59.0
58.8
58.6
53.1
46.9
48.4
61.8
52.5
58.1
64.7
52.3
50.0
60.0
62.3
67.7
58.3
58.7
68.4
54.0
68.4
64.7
46.9
48.7
50.0
50.0
51.7
46.9
57.7
47.2
56.3
45.8
39.4
52.8
40.7
58.1
45.9
43.8
57.4
62.1
65.5
65.4
50.0
55.6
62.1
57.6
43.2
54.5
49.2
34.1
65.4
64.3
37.8
36.4
51.5
40.0
60.0
64.0
57.1
60.6
56.7
48.6
50.0
39.5
55.4
38.7
56.5
44.0
48.4
40.0
50.0
47.5
45.6
21.9
59.4
60.0
50.0
52.5
51.5
49.1
40.6
48.1
53.5
63.4
53.7
55.6
44.0
44.7
52.3
51.4
46.2
53.2
52.6
41.2
50.0
54.1
50.0
45.0
55.6
41.5
53.7
54.5
60.6
57.4
56.1
55.6
71.9
42.9
40.5
36.0
48.7
57.1
45.2
44.2
45.0
42.5
36.8
51.7
60.5
55.6
31.3
58.3
55.2
64.7
62.2
47.7
43.3
43.1
52.5
54.5
57.1
62.5
42.9
41.2
48.8
50.0
33.3
38.1
45.9
35.6
65.9
48.9
62.5
70.6
62.2
55.9
48.8
49.1
60.0
45.3
60.0
75.0
52.5
61.2
63.6
79.1
52.9
48.3
45.3
50.0
44.9
61.8
48.0
57.9
43.5
51.2
36.1
45.8
48.1
30.4
45.7
40.6
45.5
32.6
58.8
57.1
52.9
60.4
47.6
60.8
60.4
40.0
42.6
44.4
35.0
38.2
43.9
56.0
32.3
38.7
57.9
42.4
61.0
40.0
58.3
36.0
61.3
51.4
56.4
43.2
33.3
43.8
45.5
47.5
53.6
43.2
53.1
55.0
50.9
36.7
58.3
44.0
66.7
54.1
59.5
51.5
62.5
60.0
44.4
66.7
44.2
48.5
51.6
53.6
61.9
39.3
61.5
60.0
46.7
52.9
36.2
41.7
53.1
44.7
44.4
42.0
48.6
46.2
46.9
44.1
64.5
58.3
65.5
45.2
53.3
48.6
55.0
39.0
51.4
50.0
50.0
54.2
52.6
41.5
58.5
50.0
46.7
36.6
32.4
57.9
65.4
35.0
51.1
55.6
33.3
52.3
48.4
51.5
46.2
41.9
35.3
50.0
50.8
32.4
48.0
40.9
37.3
25.6
46.9
51.6
27.6
56.7
66.7
23.8
41.2
38.1
55.3
42.3
56.3
38.5
43.3
64.0
55.6
35.6
38.5
60.0
47.6
53.3
52.4
47.1
37.2
51.2
45.0
51.9
41.2
40.0
45.9
45.5
67.6
47.1
61.8
58.6
47.5
59.3
60.0
75.0
69.0
61.3
57.1
47.9
51.4
52.8
63.6
51.7
58.1
44.7
52.9
40.9
51.0
75.0
40.5
65.3
41.7
51.0
70.0
58.8
60.0
53.2
50.0
51.9
62.2
48.6
60.0
50.0
53.4
50.0
76.2
42.0
45.5
51.2
50.0
57.1
47.6
34.1
66.7
64.3
48.6
38.7
58.2
64.7
51.7
35.3
64.3
44.1
38.2
60.6
60.0
52.9
32.7
64.4
43.6
38.7
52.1
46.7
57.1
41.9
47.5
43.2
60.0
57.1
58.3
33.3
61.5
49.2
55.4
50.0
52.4
66.7
40.0
40.6
42.9
56.4
50.8
42.9
51.5
77.4
54.5
54.5
54.8
48.5
34.2
37.7
51.2
57.8
45.8
42.1
48.4
58.7
66.7
56.4
41.2
65.8
63.0
52.6
55.8
47.6
61.8
51.7
44.7
48.6
50.0
51.2
45.9
47.1
38.7
60.9
50.0
47.6
50.0
42.9
48.9
56.0
43.5
53.7
48.8
32.0
34.8
32.6
52.8
47.1
55.9
56.0
39.5
58.6
34.4
43.8
43.3
41.3
43.9
45.2
38.5
41.4
29.4
47.2
63.6
45.9
31.9
42.9
41.9
58.6
48.1
46.3
36.8
37.9
36.8
41.5
45.9
34.9
56.1
51.1
50.0
47.4
40.0
30.4
41.7
28.6
36.8
32.4
48.4
47.5
55.9
46.0
42.9
43.8
34.5
42.9
61.9
66.7
42.6
54.2
44.8
54.5
50.0
44.7
50.0
60.6
44.4
52.7
57.7
48.6
51.0
40.5
50.0
63.3
50.0
53.3
44.8
58.3
42.2
63.6
38.0
53.8
70.4
58.3
57.7
64.5
54.3
43.8
42.6
57.9
57.5
52.0
56.4
52.5
42.3
55.9
67.7
47.8
55.2
32.3
47.1
52.0
40.0
61.0
38.2
56.3
35.0
54.5
45.5
44.1
50.0
54.7
49.1
54.5
46.3
55.1
81.8
53.8
53.8
45.2
32.4
44.4
56.7
29.0
43.8
43.5
38.7
61.5
50.0
63.6
49.2
40.5
46.2
64.7
47.5
54.3
61.1
40.0
41.9
40.7
40.6
51.0
60.9
57.9
52.7
78.9
45.9
46.2
72.4
48.1
45.9
50.0
56.0
43.3
54.1
36.1
55.6
51.5
42.9
55.6
60.0
47.3
55.9
45.0
52.6
45.8
51.3
48.4
45.5
48.4
30.0
57.1
45.7
42.5
53.6
47.6
47.1
60.0
51.5
34.5
40.5
57.1
40.0
69.2
66.7
48.0
52.5
63.6
54.5
52.3
41.5
51.1
51.5
44.0
50.0
42.6
47.6
41.4
48.0
43.8
48.1
68.0
71.4
61.3
50.0
53.8
57.7
55.3
50.0
45.5
52.9
40.0
25.0
45.8
33.3
48.7
59.3
73.3
59.3
51.9
55.6
61.4
55.6
74.2
66.1
50.0
43.2
45.8
54.5
54.8
50.0
51.7
45.0
36.4
58.7
57.7
52.8
56.8
50.0
55.9
43.9
56.5
45.9
54.3
43.9
63.6
62.3
54.5
57.8
61.9
48.4
48.9
90.9
68.2
56.4
37.2
52.9
84.2
44.4
25.5
32.5
42.9
44.7
37.1
47.2
66.7
59.4
62.5
44.4
45.2
60.0
45.7
47.5
25.0
62.9
64.3
55.3
40.6
47.5
61.0
50.0
51.7
38.5
66.7
50.0
61.8
61.5
82.1
44.1
54.1
47.8
45.5
63.0
69.0
46.2
45.5
50.0
65.4
60.6
52.6
46.4
44.4
46.9
42.1
55.9
47.1
52.0
51.4
62.9
55.0
53.8
59.0
43.9
47.4
33.3
67.6
50.0
37.5
56.4
32.7
69.2
44.6
48.4
60.0
59.5
39.0
44.4
60.0
37.1
47.1
57.6
45.1
43.4
47.5
43.2
38.7
45.0
61.9
48.6
65.5
41.2
53.1
40.5
45.8
50.0
63.3
59.6
40.7
40.5
40.7
33.3
33.3
44.8
74.1
55.1
27.0
39.4
48.3
41.7
66.7
40.9
43.3
26.3
38.5
42.9
58.7
37.3
46.2
44.1
25.0
56.8
59.3
70.6
55.6
50.0
51.5
53.2
60.0
59.4
58.3
60.0
53.2
61.1
45.5
47.1
44.1
37.0
52.3
30.0
40.7
51.4
45.9
58.5
56.5
65.8
62.1
65.6
60.8
62.5
52.8
47.5
42.6
71.4
48.1
52.0
48.6
63.6
40.6
47.1
43.4
58.8
42.1
39.0
48.4
51.1
51.9
63.2
40.9
49.1
38.7
50.0
65.8
57.8
32.1
47.8
85.7
36.4
47.1
34.9
77.4
25.0
44.9
50.0
53.3
51.5
36.4
41.9
76.2
42.9
55.0
63.0
52.4
52.0
50.0
56.1
67.6
48.9
42.0
70.0
49.1
42.1
50.0
54.3
46.2
63.9
60.0
52.9
52.8
60.5
51.0
54.5
58.8
59.5
58.3
40.6
40.9
50.0
40.0
63.9
33.3
60.0
46.5
64.5
50.9
52.7
61.5
37.5
43.3
36.7
48.8
39.6
50.0
64.2
55.6
79.2
65.3
52.6
42.9
59.3
60.0
39.5
33.3
47.6
70.8
50.0
52.4
58.5
76.2
46.9
45.2
46.8
52.9
46.7
48.5
58.8
61.0
69.0
56.5
66.7
50.0
51.0
58.3
40.7
56.9
43.5
53.3
56.3
49.2
46.3
44.4
46.2
47.2
55.9
51.9
47.6
44.1
42.9
51.2
41.2
40.4
54.7
56.3
45.5
57.9
56.0
69.2
45.7
42.4
58.3
38.7
57.1
50.0
44.1
51.3
45.0
58.3
59.6
37.8
58.1
48.4
60.5
56.4
64.0
63.3
51.3
58.7
51.4
41.2
50.0
56.0
58.1
57.9
48.7
55.6
59.5
55.6
46.9
38.7
48.6
48.8
52.5
44.8
42.9
55.0
53.1
37.9
47.0
50.0
51.9
32.3
57.5
35.7
67.5
43.4
54.7
56.7
54.5
47.7
42.9
56.4
63.0
45.2
50.0
57.4
67.8
44.0
40.5
60.5
46.4
66.7
49.2
52.9
59.3
45.9
57.6
56.5
44.8
44.0
59.6
66.7
52.4
52.6
48.0
61.3
50.0
52.8
48.6
58.7
44.1
51.1
54.5
47.1
58.3
57.9
61.1
66.7
47.8
29.0
42.5
54.1
52.2
47.1
42.9
47.8
70.8
50.0
41.4
33.3
44.2
46.9
42.1
40.0
56.5
50.0
28.1
45.7
39.1
47.5
46.2
71.1
67.9
58.5
76.7
50.0
50.0
44.1
62.1
73.3
60.3
55.6
51.5
41.2
52.0
50.0
42.9
51.7
48.8
46.5
64.7
64.3
40.8
46.7
45.9
49.2
63.0
35.9
32.0
34.6
48.3
32.4
51.0
52.8
60.0
48.8
60.0
40.0
40.4
51.2
56.0
30.6
71.7
67.6
39.5
46.8
52.5
34.5
50.0
47.2
45.5
55.6
45.0
61.1
38.1
55.8
46.2
53.3
50.0
54.1
37.1
46.8
70.0
27.3
63.2
50.8
58.2
66.7
37.0
58.8
81.5
62.5
52.9
65.4
54.4
45.5
57.1
44.8
47.2
44.1
51.4
63.2
45.0
54.8
51.4
62.1
56.5
54.5
40.9
56.7
72.2
30.6
81.8
64.6
62.5
48.8
52.5
55.4
42.9
48.6
51.6
57.1
51.6
48.4
39.4
45.7
51.3
48.3
52.5
69.2
38.2
39.3
35.1
60.6
44.4
37.5
50.0
53.3
53.8
39.0
44.1
38.7
38.3
44.4
62.5
43.8
47.9
44.0
50.0
48.3
42.9
35.9
33.3
48.6
48.1
21.1
66.0
82.4
81.8
73.1
46.4
57.1
48.6
79.3
60.3
53.3
64.3
42.9
60.0
36.0
63.0
52.6
50.0
27.3
55.9
48.5
45.0
57.4
21.9
36.7
41.2
47.1
44.4
31.1
43.5
32.0
42.9
28.6
50.8
61.1
41.9
55.2
50.0
58.5
43.9
54.8
56.5
57.5
50.0
57.1
60.0
65.8
37.0
55.0
52.3
54.8
56.8
46.2
67.7
56.7
65.1
56.4
47.6
40.6
43.3
45.5
46.7
48.5
36.4
36.2
50.0
48.4
55.3
34.5
56.8
72.2
51.1
56.0
57.1
60.5
52.9
44.7
52.0
32.6
42.9
32.4
41.3
63.6
54.5
55.9
65.2
57.1
39.6
50.0
55.6
36.1
50.9
41.0
79.3
53.6
52.8
46.5
41.2
45.0
46.9
43.8
61.1
42.6
59.5
45.8
43.3
66.7
45.0
57.7
51.2
76.9
48.5
55.2
62.1
47.2
60.0
57.1
44.8
37.1
51.2
54.8
58.8
30.3
41.2
40.0
39.3
53.3
42.9
38.9
53.4
58.1
48.5
61.1
60.0
56.0
64.7
64.1
46.7
47.4
44.2
34.6
39.0
61.2
38.8
39.3
51.7
58.3
54.5
57.7
53.8
51.2
60.0
61.8
51.4
61.3
50.0
58.3
48.4
51.6
52.2
53.8
55.4
54.2
63.3
57.8
51.4
65.4
56.8
58.3
56.0
55.8
50.0
47.1
31.0
35.7
51.1
51.6
76.2
65.1
46.8
65.2
55.6
58.1
54.3
68.6
41.7
57.7
51.6
50.0
32.3
54.5
60.5
36.1
56.3
42.6
36.1
36.1
60.0
54.2
39.5
43.9
42.9
40.6
54.5
56.8
65.5
64.0
63.6
56.1
58.5
40.6
42.2
53.2
53.6
45.2
58.6
54.5
46.6
57.1
50.0
36.7
54.5
53.1
55.0
43.9
50.0
50.9
45.9
44.0
81.8
36.0
51.3
38.6
54.3
55.0
54.7
53.8
32.5
44.8
52.1
46.9
34.5
38.6
49.2
53.6
45.2
38.2
33.3
55.6
54.5
62.5
46.3
52.8
35.0
44.8
35.3
35.5
44.6
50.0
45.9
35.7
50.0
42.9
41.4
62.9
49.2
43.6
52.6
61.1
56.0
44.0
48.1
35.1
54.5
47.4
32.1
38.0
43.2
40.7
51.4
46.4
53.3
41.2
55.6
45.2
58.1
58.3
46.5
44.0
50.0
69.2
56.9
52.5
61.3
33.8
50.0
38.2
47.5
53.8
37.7
32.7
63.6
52.0
53.8
47.6
52.4
75.9
54.1
58.0
69.2
66.7
54.1
37.1
39.1
53.3
59.4
49.0
70.0
64.0
55.3
38.5
35.7
42.9
55.1
63.5
52.4
53.1
62.5
48.3
46.0
52.5
55.9
35.3
45.2
44.8
51.9
40.0
40.0
54.4
41.0
54.3
52.2
55.0
36.7
56.8
58.3
86.7
65.9
63.6
72.5
59.5
55.3
59.0
53.1
54.3
48.4
45.9
65.0
50.0
48.7
55.0
48.5
65.5
57.6
50.0
44.1
51.7
50.0
48.4
53.6
25.0
50.0
60.0
36.4
49.2
46.3
47.8
36.9
33.8
36.4
29.2
46.2
22.7
36.6
39.4
48.5
62.9
71.8
59.5
54.5
46.7
54.0
48.4
57.1
50.0
56.5
57.1
43.5
68.2
37.9
55.9
46.3
47.1
42.3
59.3
52.4
60.6
40.9
54.5
53.2
59.1
45.8
42.5
57.1
42.9
41.7
50.0
58.6
56.7
54.2
57.1
73.3
44.8
51.6
48.5
53.1
45.5
55.6
40.7
67.9
48.6
52.1
38.2
44.7
31.3
33.3
54.3
48.7
59.4
58.8
58.3
58.5
76.2
60.9
57.4
40.6
41.7
62.7
41.0
56.8
56.3
57.1
44.6
44.8
46.7
50.0
36.0
38.1
48.1
45.5
40.0
51.7
46.9
58.1
44.7
63.8
59.5
50.0
59.5
55.6
42.9
52.5
54.8
50.0
45.0
43.8
45.7
40.0
45.9
47.1
40.7
46.2
65.0
48.3
59.2
65.8
55.2
61.7
50.0
62.3
56.1
59.5
50.0
50.0
57.7
56.7
54.8
41.2
53.6
60.0
60.6
44.7
52.6
40.0
39.5
40.7
63.2
48.6
43.2
69.2
44.8
47.2
36.4
56.0
63.2
44.8
51.0
45.3
51.2
42.9
38.7
38.8
44.4
32.4
50.0
59.4
44.4
34.0
40.9
40.7
50.0
51.9
52.6
48.3
32.0
55.6
34.8
52.4
42.9
50.0
68.2
60.0
45.2
54.5
52.9
49.2
46.7
58.8
52.9
48.4
42.9
46.3
43.3
36.1
56.3
52.0
53.3
47.4
66.7
52.9
44.9
56.8
54.5
55.0
48.3
39.4
56.5
44.0
39.5
46.2
45.0
51.4
63.9
50.0
52.3
44.4
44.4
35.9
57.9
48.0
53.3
38.7
46.7
43.2
29.2
72.4
57.6
64.7
42.3
56.3
50.9
55.6
55.3
49.2
37.5
52.1
40.4
39.4
54.5
50.0
47.5
53.4
42.1
61.4
56.3
48.5
33.3
47.5
34.4
