64.7
80.0
88.0
66.7
70.0
66.7
93.7
84.4
78.3
90.5
97.0
93.1
89.7
88.2
66.7
86.7
73.5
61.1
75.0
87.5
75.6
77.5
75.0
70.4
91.7
93.3
90.5
92.0
85.0
81.6
69.8
70.6
79.2
73.5
102.9
64.2
86.5
80.8
66.7
65.0
96.2
62.8
100.0
82.5
80.8
65.6
75.8
69.6
72.2
70.7
85.0
68.2
73.7
81.3
69.1
63.9
80.0
67.9
63.9
90.0
71.0
69.0
56.0
94.4
73.2
86.8
88.0
100.0
67.6
70.6
72.7
80.6
74.4
78.3
79.2
70.7
66.7
69.4
111.8
106.3
57.9
72.7
84.1
81.8
76.7
63.6
80.0
102.9
85.4
81.3
64.7
66.7
73.2
63.0
110.0
96.7
77.8
70.3
67.9
82.2
80.9
85.3
75.5
55.2
83.8
70.3
77.4
86.2
73.2
73.9
69.1
57.9
90.0
78.6
72.4
56.3
82.9
62.5
96.5
58.3
90.5
68.1
77.3
100.0
73.0
88.1
66.7
63.9
91.7
76.7
91.9
64.5
72.1
61.9
93.2
134.9
97.2
95.7
115.4
102.9
150.0
87.1
73.3
66.7
72.7
66.7
75.0
80.4
90.0
81.1
84.8
71.0
78.8
76.1
90.7
117.9
76.3
88.4
69.2
78.8
73.7
81.1
82.8
74.5
60.5
44.7
78.0
78.9
91.4
76.2
110.0
104.2
85.7
76.5
80.0
88.2
64.5
73.2
93.5
92.3
70.3
55.8
80.0
71.2
84.7
100.0
88.9
83.7
82.6
82.4
73.3
68.9
83.3
72.0
105.4
97.3
92.6
75.8
94.4
83.6
88.1
64.7
73.5
70.6
54.2
61.1
78.7
121.1
75.4
76.7
76.2
79.2
78.4
70.7
82.5
86.0
97.7
70.3
83.3
86.4
69.2
90.5
75.5
81.3
83.0
64.7
66.7
104.8
76.9
64.0
78.0
78.3
93.8
108.1
92.0
60.0
85.2
83.3
82.1
75.0
85.0
114.3
88.1
78.0
70.7
96.6
80.0
86.0
95.0
77.1
71.0
100.0
68.9
81.5
86.1
96.0
69.0
88.9
85.3
72.7
87.5
55.0
69.2
93.1
79.7
89.4
93.9
74.3
89.4
59.5
65.6
75.9
77.2
84.6
104.8
74.2
96.0
62.2
81.3
61.5
88.2
74.2
114.3
81.0
84.3
73.2
78.9
72.1
77.3
80.8
97.4
79.2
90.2
80.6
70.3
83.3
88.3
73.2
93.1
87.3
87.5
74.2
73.8
79.5
70.3
74.2
80.9
78.8
62.2
64.9
66.7
70.6
87.8
76.9
103.8
75.0
75.7
81.8
75.8
106.5
78.7
78.4
80.0
103.2
77.8
92.0
103.5
78.4
88.2
80.0
96.8
88.9
78.1
73.3
107.7
113.9
75.4
96.6
100.0
89.7
84.1
87.9
70.5
90.6
78.4
78.9
60.7
100.0
91.1
86.1
81.8
66.7
82.1
76.5
71.0
83.9
63.8
84.0
76.6
94.7
88.9
65.6
84.4
86.4
82.8
73.2
78.3
79.3
80.5
79.0
93.9
85.7
87.0
83.3
71.4
136.0
72.7
85.2
76.2
89.7
74.0
58.1
77.3
95.7
110.5
76.7
85.2
103.4
73.0
81.3
75.8
70.0
85.7
69.6
71.1
83.9
68.6
73.5
75.0
65.0
75.9
73.6
111.1
68.6
77.5
75.0
114.7
91.3
105.0
95.7
89.7
103.2
85.1
66.7
77.1
73.7
82.1
71.9
73.2
67.9
71.4
71.4
64.5
66.7
94.7
72.3
87.2
86.0
84.8
74.3
97.4
114.3
85.7
121.4
88.1
79.1
73.8
110.3
90.5
105.3
97.0
87.5
95.5
100.0
100.0
66.7
92.9
88.9
86.0
66.0
79.5
117.9
88.6
76.7
83.6
100.0
73.3
74.2
83.8
109.5
85.3
71.0
92.5
87.2
74.1
73.0
81.8
96.3
103.6
63.4
94.1
66.7
68.8
63.8
60.0
81.6
73.9
55.3
72.0
89.5
64.3
78.9
75.0
80.0
83.0
73.0
92.6
100.0
98.4
80.0
95.5
103.3
100.0
81.0
65.0
96.6
64.9
76.5
91.3
58.8
83.3
84.0
84.6
91.3
62.2
75.0
87.0
71.4
77.8
68.6
88.9
88.2
67.3
74.2
79.5
62.2
77.8
65.0
61.1
64.9
74.5
102.8
76.0
75.9
76.0
65.8
73.8
84.8
94.1
78.1
73.3
78.8
79.5
88.0
63.9
94.7
120.5
100.0
110.8
103.2
80.0
105.1
82.4
81.3
98.0
80.0
114.3
72.5
73.2
73.8
92.9
91.2
93.9
63.9
70.8
72.2
70.9
69.2
76.5
80.0
79.6
69.4
81.3
86.4
76.7
78.3
81.8
100.0
98.0
83.3
116.1
91.7
117.2
77.3
108.3
72.2
86.5
89.6
73.1
100.0
72.3
80.5
76.9
95.7
72.1
57.5
106.3
71.4
78.6
67.4
82.1
75.9
72.2
85.1
82.1
87.9
79.5
63.6
80.0
76.9
102.9
114.3
79.4
88.9
67.3
52.0
94.2
81.8
85.2
81.8
84.0
73.5
63.3
73.3
100.0
77.8
78.9
75.0
70.7
96.3
72.4
77.6
73.9
76.5
63.3
63.0
77.3
66.7
65.0
58.5
88.1
81.1
87.5
74.5
81.8
67.6
72.1
60.0
77.8
92.9
102.9
70.0
84.8
121.4
77.1
76.7
88.0
81.5
72.2
65.9
102.9
82.8
73.3
68.3
58.3
87.5
78.4
87.9
85.3
70.1
72.1
73.3
85.2
71.2
69.4
73.5
87.9
69.6
66.7
78.0
73.8
76.8
70.6
69.4
79.2
85.7
57.1
86.5
84.2
73.9
70.9
55.8
78.1
72.7
71.4
83.3
72.4
85.7
68.6
73.7
73.2
82.8
71.4
54.8
83.3
75.0
83.3
97.3
73.8
84.9
100.0
63.3
71.9
86.2
67.9
71.2
66.7
75.0
81.3
71.9
75.0
84.2
78.8
63.3
65.1
85.5
77.1
58.8
62.9
91.9
105.6
94.9
94.1
144.8
85.7
84.4
87.1
70.6
70.5
62.8
82.4
73.8
76.3
63.3
81.1
83.9
94.4
84.8
89.5
77.8
81.6
85.3
64.1
76.9
101.9
112.5
103.4
96.9
123.1
130.6
103.1
116.7
77.3
71.7
118.5
109.7
94.6
75.0
90.7
127.6
79.3
88.5
100.0
97.2
89.7
75.8
70.3
103.0
89.8
68.2
88.5
78.6
70.3
66.7
109.1
92.0
90.0
86.0
92.9
84.8
110.0
78.4
61.1
73.7
71.4
74.2
65.2
60.0
64.5
60.0
106.3
75.0
93.0
56.3
93.8
90.0
81.3
77.5
78.8
93.0
103.1
118.5
93.0
87.8
80.5
114.8
60.0
65.8
75.0
73.0
69.2
68.1
76.3
52.9
76.5
70.3
92.3
65.0
86.1
65.9
100.0
72.7
72.7
79.6
68.2
81.5
78.1
85.7
64.3
68.0
87.2
85.7
62.9
82.7
100.0
77.5
68.4
86.2
89.5
122.2
62.5
77.1
82.8
102.9
97.3
88.6
90.0
78.5
84.7
86.4
76.2
100.0
82.1
64.7
76.7
121.4
108.3
64.3
105.4
71.1
104.9
64.4
62.5
70.6
59.5
58.8
68.3
72.7
77.1
58.5
88.0
81.3
108.5
77.6
86.4
93.0
76.5
65.5
82.8
110.0
72.5
105.9
88.0
89.5
69.6
78.0
80.6
72.9
70.4
71.7
69.6
65.6
65.9
58.7
84.3
100.0
82.4
88.7
81.0
84.3
91.7
56.7
74.5
80.6
57.5
76.4
63.4
100.0
80.6
67.7
98.2
106.1
78.0
86.7
100.0
68.0
83.9
83.8
92.3
78.4
105.6
90.6
97.7
82.5
85.7
77.3
75.0
67.5
64.9
80.0
75.0
68.0
80.0
67.6
108.1
75.8
95.0
95.0
91.7
163.3
90.4
78.8
82.8
67.9
88.1
78.6
84.6
100.0
75.6
64.7
77.6
62.5
87.5
78.7
83.3
68.0
94.6
92.3
62.5
70.6
103.2
85.4
89.7
103.2
96.7
62.2
66.7
66.1
64.9
63.9
90.0
70.8
73.7
61.0
84.9
88.9
80.0
63.4
79.4
97.4
92.3
125.0
106.7
92.6
84.8
95.5
80.6
78.8
64.1
58.1
73.5
96.4
64.4
70.3
80.0
95.5
51.0
79.5
121.9
101.6
89.7
86.7
123.8
81.0
76.5
69.0
94.7
96.2
68.8
66.7
80.0
100.0
61.1
53.3
88.5
70.0
85.7
80.0
64.3
64.7
62.8
81.4
70.0
74.1
73.5
81.8
73.0
78.8
76.5
61.8
76.5
67.2
57.6
70.4
62.9
90.0
93.1
64.5
83.9
79.2
68.6
61.1
84.8
82.8
95.3
68.4
70.6
77.3
87.8
82.1
71.4
112.2
75.0
70.6
103.3
126.5
73.3
68.1
82.1
90.7
89.2
62.2
102.9
93.8
84.5
86.7
100.0
88.0
65.2
73.2
68.4
91.4
76.2
78.0
100.0
110.7
75.7
83.9
101.8
79.4
117.2
76.5
83.3
64.7
82.4
78.8
80.0
105.9
87.3
91.1
89.7
93.5
89.6
60.0
92.9
64.5
75.0
79.5
92.0
96.4
69.4
66.7
107.7
76.3
83.9
84.2
100.0
133.3
116.0
87.5
67.9
90.9
95.4
73.2
78.8
77.4
75.8
69.7
93.5
57.6
73.7
71.7
82.9
122.2
89.6
57.9
71.9
73.0
90.9
71.8
70.6
78.9
77.8
115.8
86.5
123.8
76.5
72.4
76.6
70.3
84.6
61.0
85.2
117.6
93.5
91.3
103.8
92.9
88.6
77.1
87.2
96.0
62.9
63.4
85.4
48.0
67.4
53.5
91.7
82.4
79.4
74.0
62.8
86.2
78.1
81.3
80.0
89.1
63.4
64.5
74.4
55.2
67.6
66.7
109.1
78.4
72.2
74.3
71.0
89.7
114.8
61.0
71.1
69.0
81.6
63.4
94.6
72.1
97.6
68.9
100.0
78.9
70.0
87.0
70.8
85.7
57.9
79.4
77.4
91.5
91.2
94.0
85.7
96.9
117.2
77.1
76.2
97.4
77.8
91.7
100.0
112.1
103.3
71.1
78.6
72.7
69.4
61.8
69.2
65.7
71.4
57.1
85.4
90.0
97.9
76.7
69.0
94.4
75.6
69.7
86.0
84.6
74.1
77.8
111.5
90.3
62.9
62.5
91.8
110.5
110.0
80.0
110.3
107.5
100.0
73.5
116.1
91.3
81.0
83.9
94.1
80.0
73.3
90.2
85.5
112.5
70.0
60.6
68.2
83.1
69.0
62.3
81.8
74.5
85.2
55.1
109.1
73.1
84.6
52.4
61.8
77.8
76.7
71.0
109.4
82.6
71.0
74.4
82.8
81.8
73.8
78.4
88.5
73.5
80.0
68.6
108.3
110.0
71.0
81.4
112.5
73.5
130.4
92.1
63.5
121.1
81.1
64.1
117.2
92.6
78.4
52.3
104.0
110.4
124.3
80.6
93.3
72.7
80.0
88.9
74.3
69.1
79.4
70.0
73.7
67.8
84.6
80.6
80.0
93.5
106.7
80.0
108.7
80.0
100.0
73.8
88.2
104.0
69.7
72.4
91.9
100.0
83.3
79.5
77.8
84.0
85.2
97.0
81.8
69.2
73.2
75.6
78.8
90.0
83.3
74.1
64.3
103.4
76.0
59.4
68.5
96.0
82.1
71.0
71.7
66.7
73.1
89.5
92.9
136.4
76.5
96.7
100.0
87.5
100.0
94.9
81.5
106.7
81.4
84.6
75.9
81.8
100.0
87.1
91.1
61.1
102.7
75.0
87.9
73.8
82.0
69.0
73.3
63.6
74.6
57.7
100.0
89.2
76.9
61.8
74.2
82.6
91.9
93.5
87.8
93.9
84.9
90.9
78.1
76.2
87.1
55.3
127.3
81.8
89.7
53.5
94.1
131.6
66.7
68.6
72.5
83.7
85.1
60.0
79.2
66.7
62.5
85.4
81.5
71.0
86.7
65.7
76.3
83.3
71.0
78.6
60.5
81.3
57.5
75.6
77.8
96.6
84.6
95.2
76.7
73.5
96.2
89.3
81.4
83.8
78.3
61.4
88.9
86.2
71.8
69.7
76.7
73.1
78.8
76.3
67.9
82.2
77.6
68.4
69.5
64.7
68.0
62.2
80.0
60.0
92.3
69.2
68.3
102.6
126.7
81.1
77.8
70.8
71.8
59.6
69.2
80.4
74.2
76.0
78.6
92.7
74.1
60.0
62.9
94.1
81.8
90.2
66.0
87.5
75.7
71.0
75.0
114.3
94.3
117.2
111.8
78.1
95.2
81.3
81.0
93.3
94.2
74.1
64.3
103.7
63.9
70.0
113.8
125.9
89.9
83.8
90.9
96.6
86.7
118.5
136.4
108.3
81.6
102.6
89.3
115.2
98.0
82.1
105.9
80.0
86.5
92.6
105.9
73.3
91.7
69.7
78.7
62.9
68.8
75.0
64.0
80.9
55.6
63.6
91.2
64.4
70.4
70.5
76.7
83.3
94.6
70.3
92.5
78.3
78.9
82.8
75.0
72.5
95.8
75.0
89.8
107.4
114.3
92.6
80.0
105.4
86.4
78.1
82.4
71.7
82.4
64.9
61.0
77.4
71.1
59.3
63.2
68.2
80.0
61.3
60.0
92.1
73.3
60.4
76.1
114.3
63.6
76.5
74.4
87.1
87.5
73.5
73.1
70.0
69.7
81.8
93.5
85.7
75.0
80.0
85.2
61.9
104.0
70.0
63.4
89.2
68.9
62.0
85.0
84.2
65.8
76.1
71.4
67.3
88.9
88.0
107.8
97.2
142.1
73.5
106.1
120.6
148.6
97.9
71.9
72.7
72.7
70.0
86.1
59.5
97.5
76.7
71.0
113.2
101.8
115.4
107.5
93.3
76.7
82.9
79.2
81.3
134.0
92.6
104.2
98.0
63.2
57.1
100.0
120.0
93.0
75.0
100.0
112.5
80.0
76.2
75.5
95.2
106.3
67.7
80.9
76.5
55.6
66.7
64.7
80.5
86.2
65.2
90.5
68.2
69.4
63.9
88.9
98.0
82.6
80.0
78.1
68.3
90.2
71.1
84.6
63.9
72.9
96.3
71.4
100.0
69.0
76.7
76.5
84.2
109.4
118.8
84.8
94.7
78.0
76.9
102.9
60.6
71.7
64.5
74.3
83.3
82.4
84.6
60.0
68.8
80.7
67.6
87.1
90.3
74.4
84.6
96.0
86.7
69.2
65.2
81.1
72.5
78.9
80.0
91.9
105.3
89.7
88.9
97.3
77.8
106.1
109.7
111.4
63.4
77.0
69.0
68.6
105.0
68.8
69.0
60.6
75.0
85.2
61.3
62.5
71.4
82.5
64.2
71.9
96.7
90.9
68.2
92.9
94.5
85.2
67.7
84.6
78.7
72.9
72.0
86.5
102.6
78.6
66.7
75.4
94.1
84.7
89.2
93.9
82.6
82.8
76.0
100.0
153.3
84.1
97.4
116.0
90.3
76.2
86.1
77.1
71.4
67.6
60.0
78.8
79.4
77.8
92.1
72.2
66.7
82.6
64.5
57.5
89.2
78.3
70.6
64.3
65.2
108.3
75.0
72.4
75.0
60.5
68.8
68.4
115.0
77.4
82.1
106.3
82.6
87.0
72.5
79.5
97.4
100.0
107.3
103.3
123.1
110.4
61.8
94.8
93.3
87.9
111.1
84.8
80.4
120.0
75.0
57.1
63.8
82.9
65.1
76.5
121.4
79.6
76.7
78.4
73.8
103.7
97.4
92.0
65.4
93.1
83.8
84.3
94.3
90.0
81.4
87.5
90.0
85.1
78.0
68.0
77.8
100.0
81.1
71.1
72.3
87.5
72.7
71.0
77.8
75.8
77.8
82.5
83.3
73.8
83.7
56.4
93.3
82.3
67.6
71.4
80.9
82.5
70.9
80.7
86.4
92.7
100.0
100.0
111.8
118.5
93.8
79.4
92.3
87.7
75.8
69.0
86.2
66.7
67.6
78.4
89.5
61.7
78.6
73.0
89.7
82.6
72.7
68.2
71.7
83.3
63.3
90.9
70.8
85.0
56.1
57.4
69.6
77.1
88.6
87.1
82.1
77.4
100.0
66.7
71.4
92.3
69.0
65.0
96.2
67.6
67.9
81.1
97.0
72.2
68.8
116.7
73.3
84.6
56.1
91.2
90.3
72.3
69.4
78.1
96.9
81.3
84.0
76.9
70.7
85.7
71.8
66.7
73.0
66.7
105.3
116.0
100.0
121.2
103.8
83.9
83.3
94.3
103.4
72.4
81.7
103.6
100.0
76.0
52.0
74.1
81.6
78.6
59.1
79.4
60.6
57.5
79.6
78.1
56.7
73.5
94.1
82.5
80.0
117.4
128.0
110.7
80.0
78.7
100.0
83.9
127.6
90.9
95.1
73.2
112.9
88.7
70.0
96.9
78.6
95.0
76.3
63.0
67.5
78.5
114.3
89.2
74.4
112.9
110.0
109.3
82.1
138.1
71.9
83.3
95.5
86.7
81.8
75.0
70.2
84.4
64.5
63.2
75.9
70.3
86.1
78.7
68.0
65.7
90.7
88.2
68.4
92.0
69.8
83.3
48.6
50.8
77.3
70.5
70.6
69.6
109.5
58.3
80.0
66.7
78.7
92.7
74.4
96.6
110.7
75.0
60.5
67.6
75.0
81.3
66.7
77.8
55.6
83.8
79.2
92.5
121.2
112.5
100.0
80.5
111.5
90.9
86.2
86.2
75.0
57.1
71.4
65.5
62.9
75.6
58.1
111.8
81.8
64.7
94.0
92.9
110.0
114.3
75.0
74.1
64.5
69.7
66.7
80.0
72.0
76.5
69.2
73.3
78.9
82.7
75.0
87.8
77.6
77.6
60.7
98.3
94.4
90.9
69.2
107.7
117.1
88.0
76.5
82.9
103.2
106.3
88.9
71.0
119.4
91.3
100.0
75.0
79.2
100.0
60.0
74.3
61.5
78.4
70.8
132.0
142.3
100.0
80.4
85.7
85.7
87.2
67.7
100.0
95.3
77.4
117.4
92.6
83.7
87.0
82.9
76.7
80.8
100.0
68.2
103.2
92.7
105.3
63.9
84.4
57.4
80.6
88.9
115.0
108.3
81.6
73.2
82.5
71.9
63.6
78.4
93.1
100.0
69.7
63.4
75.4
62.5
71.1
83.0
82.1
93.5
86.2
78.8
70.7
66.7
73.2
57.1
90.9
79.6
87.5
48.8
70.6
75.5
65.6
66.0
109.1
56.0
89.7
52.3
82.9
115.0
78.1
69.2
67.5
79.3
85.4
53.1
86.2
82.5
89.8
117.9
83.3
94.1
73.8
100.0
78.8
143.8
75.6
108.3
75.0
81.0
100.0
58.1
66.1
65.4
64.9
64.3
102.9
67.9
75.9
82.9
67.2
82.1
78.9
100.0
84.0
64.0
77.8
78.4
93.9
73.7
58.5
72.0
86.5
72.2
102.7
75.0
86.7
82.4
65.1
90.3
80.6
78.3
86.0
84.0
57.1
123.1
98.3
77.5
77.4
63.1
95.7
64.7
72.1
73.1
82.0
55.1
100.0
80.0
84.6
52.4
66.7
105.6
102.7
102.0
88.5
119.6
97.3
65.7
60.9
93.3
78.1
77.6
95.0
84.0
80.9
71.8
67.9
71.4
73.5
86.5
73.8
89.8
81.3
65.5
96.0
105.0
76.3
64.7
77.4
89.7
107.4
62.5
85.0
94.7
70.5
94.3
65.2
100.0
67.3
108.1
76.7
113.3
68.2
72.7
62.7
67.6
66.0
71.8
75.0
100.0
77.4
78.4
100.0
91.7
74.4
70.0
97.0
109.1
76.3
80.0
79.4
89.7
75.0
87.1
68.1
70.0
107.1
76.7
72.7
67.7
70.7
71.7
69.2
70.8
75.8
66.7
73.1
72.7
51.2
75.8
81.8
68.6
79.5
76.2
81.8
103.3
74.0
80.6
85.7
75.0
75.4
81.0
91.3
122.7
86.2
85.3
82.9
73.5
94.2
92.6
71.4
81.8
65.9
77.3
91.5
77.3
64.4
72.5
100.0
78.6
79.2
63.3
79.3
70.0
79.7
82.9
90.0
82.8
80.6
75.8
68.8
95.5
70.4
74.1
71.4
83.8
60.4
55.9
89.5
73.4
61.9
91.3
100.0
103.1
86.3
91.7
113.8
109.5
91.3
110.6
106.3
91.7
107.8
56.4
62.2
62.5
75.0
66.1
82.8
66.7
75.0
64.0
81.0
81.5
83.6
62.5
93.1
87.5
86.0
86.8
74.1
90.5
73.5
66.7
77.8
85.7
77.5
87.1
72.9
85.0
81.3
91.4
77.1
73.0
82.4
40.7
84.6
80.0
79.3
73.5
100.0
96.6
110.6
64.3
90.6
82.9
67.6
63.3
70.0
80.8
70.0
61.3
108.8
78.6
90.9
75.8
80.9
76.3
92.0
67.4
76.3
73.7
81.1
65.9
73.1
72.4
63.9
54.5
88.0
105.3
93.1
108.2
84.9
81.4
82.9
77.4
56.7
55.6
55.9
86.7
75.0
69.4
60.4
68.2
81.4
81.6
85.2
81.6
100.0
108.0
83.3
58.7
83.3
85.7
64.3
95.5
96.0
73.8
75.0
76.5
81.4
63.3
94.1
82.4
74.2
82.9
73.2
63.3
80.6
71.9
80.0
93.3
84.2
82.1
86.3
77.6
75.7
75.8
55.0
70.7
81.8
71.7
56.0
73.7
123.1
65.0
68.6
86.1
85.4
68.2
88.9
64.4
71.9
78.9
86.0
86.7
71.0
80.0
72.7
79.2
69.0
81.8
86.3
84.6
71.9
77.4
74.1
55.3
76.2
83.3
110.4
71.9
84.8
90.9
79.2
87.5
65.5
115.8
97.7
87.5
78.8
77.8
75.0
62.5
