0.0
0.0
0.0
0.0
5.9
6.5
4.3
14.3
3.6
0.0
6.5
0.0
0.0
0.0
0.0
2.9
0.0
0.0
2.4
0.0
8.1
9.4
0.0
4.3
0.0
0.0
0.0
3.2
4.0
3.7
0.0
5.6
0.0
0.0
0.0
0.0
3.6
3.0
7.1
0.0
0.0
0.0
0.0
0.0
0.0
4.2
6.3
3.8
0.0
0.0
0.0
3.1
4.8
4.2
0.0
12.5
5.9
0.0
0.0
2.7
2.0
3.7
3.4
0.0
0.0
1.6
0.0
10.5
3.4
3.3
0.0
7.4
5.3
0.0
0.0
2.8
0.0
3.4
4.2
0.0
0.0
3.4
4.3
0.0
2.3
0.0
0.0
0.0
0.0
5.7
2.0
3.2
0.0
0.0
0.0
3.1
5.6
0.0
5.3
0.0
0.0
0.0
4.9
5.6
0.0
6.3
4.3
3.8
2.0
5.1
0.0
0.0
0.0
0.0
0.0
0.0
0.0
4.0
0.0
0.0
0.0
3.0
0.0
6.9
5.9
0.0
0.0
0.0
0.0
0.0
0.0
3.4
6.9
0.0
0.0
2.4
0.0
4.5
4.5
7.3
5.6
3.2
7.7
7.1
3.8
0.0
0.0
4.0
0.0
3.0
0.0
2.9
0.0
0.0
3.8
0.0
0.0
0.0
1.6
0.0
4.3
4.5
0.0
0.0
3.2
8.8
0.0
0.0
0.0
0.0
0.0
4.2
0.0
7.7
0.0
0.0
2.0
8.1
2.1
2.4
2.8
3.7
6.7
5.6
0.0
0.0
4.8
5.6
0.0
8.3
0.0
0.0
4.3
4.3
0.0
0.0
0.0
2.9
5.6
2.4
0.0
2.8
3.0
0.0
4.9
0.0
0.0
8.0
0.0
3.8
4.2
0.0
2.4
3.8
0.0
3.2
0.0
0.0
3.1
5.4
3.2
