17.9
5.9
6.1
14.6
3.1
19.2
13.9
13.8
16.7
10.8
8.1
6.3
4.5
3.6
8.2
5.3
18.4
13.2
5.9
7.4
13.6
21.1
8.0
9.7
16.7
13.7
11.6
6.7
10.0
0.0
6.3
8.3
0.0
12.9
12.8
10.3
20.5
18.0
15.8
2.8
10.0
8.9
11.9
5.6
27.3
9.1
11.1
13.8
18.4
12.5
3.1
7.9
12.9
7.1
3.3
7.9
9.8
2.4
0.0
7.9
10.7
21.4
16.7
10.0
16.1
13.6
4.0
8.3
5.6
14.5
6.3
2.9
8.7
21.4
13.7
19.4
11.9
11.3
22.7
3.2
10.7
12.2
3.3
13.3
4.5
0.0
13.0
11.1
9.7
6.7
9.5
3.2
3.8
8.3
16.3
0.0
5.6
10.0
0.0
7.1
4.9
10.9
0.0
10.9
15.6
3.8
2.9
14.0
13.6
5.3
6.5
6.3
2.9
8.8
14.6
6.3
18.5
22.2
13.5
21.4
8.6
13.5
9.1
0.0
12.3
8.5
4.0
10.0
8.5
5.3
5.4
6.1
9.8
10.6
11.1
14.3
16.2
14.6
12.8
3.3
20.0
5.6
10.6
14.3
16.4
4.8
8.7
19.2
8.7
6.3
17.4
6.3
6.8
8.8
10.0
12.5
8.0
11.4
7.1
2.2
14.0
9.1
8.3
4.5
9.7
16.0
16.7
14.7
10.3
10.0
15.8
16.7
7.7
10.5
9.7
0.0
4.8
12.8
0.0
11.5
12.5
13.6
17.9
4.8
22.2
14.3
8.3
9.7
12.8
14.1
5.6
9.5
5.9
7.8
19.6
10.8
8.3
9.7
2.6
14.5
14.9
11.9
10.5
13.5
0.0
15.8
14.3
9.5
18.5
18.2
4.8
8.0
3.1
5.4
18.2
5.4
8.6
15.0
13.2
6.3
10.0
8.5
15.7
13.9
12.0
8.6
5.3
3.8
7.7
13.3
7.7
11.8
20.8
6.3
11.1
13.2
25.9
16.7
6.5
16.7
2.4
6.5
11.1
23.5
13.9
22.7
6.8
3.7
11.8
13.7
25.0
11.5
8.6
8.3
16.4
6.7
15.8
11.1
4.3
14.8
12.1
6.3
9.1
17.1
16.7
7.3
22.2
3.2
14.6
9.1
13.2
14.6
6.7
13.6
7.1
11.9
13.0
9.5
10.5
16.7
7.5
20.0
6.3
11.4
12.2
7.1
12.1
14.3
12.5
8.3
19.5
14.3
10.0
16.2
13.1
12.8
9.1
11.3
7.1
18.8
5.9
12.0
3.8
13.5
7.1
14.8
16.7
4.2
4.2
4.2
14.3
9.7
22.6
13.5
8.6
11.5
6.7
11.6
9.7
15.4
9.8
9.4
16.1
9.1
7.4
11.8
20.0
5.6
14.0
5.3
14.3
14.8
18.2
8.0
5.9
7.4
5.0
6.3
27.3
13.5
2.7
3.8
5.3
12.5
10.0
21.2
17.0
10.5
7.4
12.5
0.0
7.0
2.4
13.0
2.6
5.0
17.1
3.4
5.4
17.5
4.8
3.3
6.9
8.5
11.1
14.3
5.6
4.3
3.2
3.0
5.5
20.0
0.0
10.6
0.0
8.6
0.0
7.5
8.3
12.5
14.8
16.7
6.9
3.1
10.5
19.6
6.8
9.4
6.7
15.9
15.3
5.9
4.3
13.2
7.5
7.3
8.3
6.3
12.1
8.7
0.0
9.8
11.9
11.1
12.5
6.1
7.7
7.1
22.9
6.7
18.4
16.7
12.5
11.9
16.0
12.9
5.4
3.4
11.9
5.0
7.7
8.0
3.7
18.8
4.0
7.5
10.0
9.8
15.2
17.0
16.0
2.4
11.8
3.8
21.9
15.2
13.6
21.4
3.3
12.0
19.2
15.2
11.8
13.8
12.5
17.8
5.9
10.0
5.1
10.2
4.8
14.3
30.8
13.2
18.4
14.3
6.7
23.7
8.7
8.8
9.7
10.4
6.7
6.7
14.0
12.2
17.2
7.9
0.0
8.6
8.0
4.1
17.9
5.0
13.0
7.4
17.4
5.5
11.1
3.8
0.0
16.1
12.1
15.8
12.5
10.8
18.6
14.3
0.0
9.8
8.7
12.5
7.3
9.1
2.8
11.5
10.8
4.3
26.9
23.1
7.1
6.7
0.0
6.3
0.0
1.7
8.6
4.5
5.6
15.6
17.6
10.5
11.8
10.3
3.7
22.2
4.2
15.0
10.7
9.1
6.8
5.6
31.3
8.0
8.1
19.6
7.7
11.8
13.2
6.8
0.0
5.6
9.1
20.0
8.3
12.5
6.5
13.5
18.5
14.0
8.1
15.2
3.1
10.0
13.2
4.0
9.5
16.0
10.0
10.5
9.5
9.7
9.8
15.7
0.0
9.1
0.0
7.4
5.1
12.8
10.5
9.1
0.0
12.9
12.5
11.8
15.6
6.7
13.6
20.6
6.5
5.3
25.0
6.3
9.4
3.6
18.4
6.3
3.8
11.6
10.4
12.1
3.1
18.4
11.8
4.5
4.2
13.9
8.1
14.3
0.0
13.6
11.8
18.5
7.7
8.2
13.2
14.5
4.3
7.9
14.7
8.8
17.4
5.6
25.0
12.5
7.5
3.8
15.2
15.4
10.7
6.5
11.8
16.2
14.3
9.5
0.0
9.4
4.3
7.5
7.1
11.1
7.4
11.9
8.6
15.6
9.7
5.9
6.5
10.3
8.3
13.6
5.5
8.3
7.7
9.3
9.8
18.2
2.4
0.0
8.0
5.3
18.9
12.5
9.8
6.7
11.3
11.9
10.0
3.0
12.0
22.2
5.1
18.8
28.1
7.8
15.2
3.8
8.3
11.8
16.2
9.7
3.4
2.5
2.6
14.0
5.1
14.0
18.9
9.6
7.7
7.1
24.0
3.3
14.3
16.7
20.7
15.2
12.9
8.9
0.0
10.8
11.1
5.7
17.9
0.0
5.7
11.9
5.7
6.9
19.4
7.1
8.8
6.0
8.7
3.1
14.6
5.4
13.8
7.0
16.2
5.9
7.7
0.0
5.9
6.8
0.0
9.1
10.0
17.8
9.6
13.9
7.3
9.8
12.5
22.2
8.0
3.3
15.7
13.5
10.7
9.4
8.6
10.9
13.1
16.2
11.4
8.3
14.3
12.5
3.4
18.2
17.1
11.8
9.8
17.9
19.0
9.6
0.0
6.5
5.9
16.2
17.4
23.5
7.7
7.0
18.2
8.8
10.3
14.3
7.3
10.9
11.3
7.7
5.9
9.8
8.8
0.0
3.7
9.3
12.0
17.5
10.0
2.9
9.8
3.7
9.4
17.8
14.3
6.1
5.6
5.6
9.1
17.2
3.9
8.3
13.6
7.4
15.8
14.3
5.3
9.8
16.2
3.8
6.3
11.5
6.7
4.0
16.7
20.0
13.2
14.6
13.6
13.5
12.9
11.5
0.0
5.4
15.8
2.9
9.1
14.3
0.0
10.6
3.8
18.2
7.4
15.0
7.4
15.2
3.1
0.0
5.0
10.6
13.9
14.8
12.8
10.3
0.0
4.0
3.7
10.0
6.4
0.0
5.0
18.2
3.0
6.5
9.3
10.0
4.5
6.5
5.7
0.0
8.5
10.9
14.0
11.8
15.4
17.9
9.8
27.0
14.8
12.8
0.0
0.0
10.0
6.7
13.3
16.3
10.5
11.1
7.9
14.3
11.8
8.7
14.7
20.0
3.7
3.2
9.3
11.3
3.3
4.5
18.5
12.8
18.2
15.4
7.7
13.3
5.4
0.0
14.3
12.1
8.6
12.5
16.1
8.8
6.5
7.0
5.3
6.7
11.8
19.2
7.7
10.0
15.4
15.4
4.2
7.1
4.8
17.4
4.3
11.5
