33.3
7.7
8.0
9.5
4.8
12.9
12.5
5.0
12.9
12.1
17.9
6.5
6.9
6.5
7.7
10.0
16.0
15.8
19.4
21.2
20.0
8.1
20.5
13.2
15.6
20.5
0.0
14.0
8.7
14.3
3.7
15.8
22.9
12.3
12.1
4.0
26.3
12.0
9.1
23.3
6.5
17.4
12.7
18.5
14.8
4.8
14.3
15.0
20.0
3.2
12.9
16.7
16.7
21.4
6.1
13.5
18.2
15.4
19.4
16.2
2.8
9.1
9.4
7.0
11.8
0.0
21.4
12.5
21.7
7.1
14.5
11.8
13.8
17.6
24.3
6.5
12.8
24.1
11.8
10.8
21.1
4.8
0.0
15.0
12.5
25.8
14.7
11.5
8.0
10.8
20.0
17.0
3.7
12.5
13.5
6.7
10.7
21.7
13.5
6.5
14.0
4.5
5.0
11.5
9.4
11.8
16.7
15.8
24.1
16.2
14.0
22.9
10.7
22.2
21.4
10.8
25.9
10.0
19.2
2.4
13.7
10.3
17.0
11.6
7.4
15.6
7.4
5.1
16.1
18.8
21.4
17.1
6.7
9.1
18.8
12.5
10.3
15.2
26.9
8.6
12.1
28.3
13.5
4.5
23.3
12.8
13.8
15.2
15.2
6.9
15.8
10.0
14.7
13.3
20.0
22.2
12.0
14.3
15.2
12.9
13.8
28.6
17.1
12.8
21.9
14.3
18.9
25.0
8.0
3.4
21.4
20.0
16.7
7.1
10.3
25.0
14.7
7.8
0.0
15.0
18.4
3.7
15.0
12.8
8.8
19.4
10.7
6.4
16.1
6.7
15.4
11.4
7.7
13.8
15.4
3.7
14.3
13.3
13.6
8.3
4.0
21.1
17.8
19.0
5.9
18.5
18.2
11.1
13.3
29.6
20.8
15.0
17.9
17.1
8.6
23.1
11.5
24.0
0.0
8.3
20.9
20.0
14.3
8.8
4.0
27.4
14.9
20.8
11.1
7.4
24.0
8.1
11.8
12.8
24.2
20.7
3.8
22.2
16.7
11.7
21.7
14.3
16.7
13.6
10.0
13.6
9.4
15.2
7.1
8.3
3.8
10.0
17.4
21.4
24.3
15.8
6.7
27.8
13.3
9.6
3.2
19.0
16.2
16.7
13.8
12.5
18.2
14.7
20.8
17.9
0.0
7.0
11.4
8.1
18.8
29.6
10.5
7.7
8.7
10.5
8.1
15.0
12.5
12.5
10.0
4.3
13.8
19.0
0.0
12.5
6.1
8.0
23.3
12.5
11.1
9.5
7.1
14.3
19.5
6.7
11.3
16.7
21.7
27.8
16.3
12.2
10.3
11.4
6.3
11.1
10.5
8.0
10.4
