47.1
65.0
60.0
52.4
52.5
60.6
69.8
50.0
50.0
61.9
57.6
48.3
55.2
41.2
55.6
46.7
46.9
38.9
43.8
46.9
43.9
45.0
58.3
70.4
50.0
63.3
61.9
46.0
46.7
44.7
46.0
41.2
60.4
46.9
61.8
58.5
43.2
53.8
43.5
32.5
65.4
27.9
29.6
50.9
34.6
40.6
33.3
43.5
40.7
36.6
25.0
57.6
39.5
34.4
43.6
50.0
54.5
35.7
50.0
55.0
51.6
48.3
44.0
59.3
53.7
60.4
60.0
80.9
59.5
52.9
54.5
74.2
64.1
76.1
70.8
65.5
60.0
55.6
74.5
75.0
68.4
38.6
52.3
54.5
51.2
40.9
20.0
64.7
45.8
59.4
38.2
55.0
34.1
50.0
60.0
73.3
44.4
56.8
39.3
44.4
46.8
50.0
47.2
62.1
43.2
37.8
41.9
24.1
46.4
30.4
50.9
31.6
56.0
60.7
58.6
50.0
45.7
33.3
47.4
27.8
28.6
40.4
45.5
36.7
35.1
38.1
47.6
38.9
50.0
46.5
37.8
48.4
46.5
31.0
47.5
60.5
72.2
60.9
53.8
57.1
75.0
77.4
51.7
38.1
59.1
59.0
61.1
50.0
75.0
49.1
33.3
38.7
33.3
39.1
51.2
53.6
28.9
41.9
30.8
48.5
52.6
54.1
55.2
44.7
58.1
47.4
56.0
56.1
41.4
47.6
55.0
66.7
50.0
44.1
42.9
47.1
38.7
29.3
29.0
53.8
43.2
25.6
51.4
71.2
67.8
85.7
70.4
69.8
54.3
64.7
56.7
60.7
54.2
60.0
67.6
62.2
51.9
45.5
27.8
54.5
42.4
44.1
46.9
50.0
37.5
58.3
61.7
84.2
57.9
53.3
61.9
50.0
47.1
56.1
40.0
36.8
54.5
24.3
43.3
63.6
26.9
28.6
61.2
43.8
44.7
41.2
38.1
47.6
28.2
44.0
52.5
53.3
53.1
35.1
56.0
20.0
44.4
50.0
59.0
59.4
55.0
60.7
57.1
53.7
51.2
62.1
47.3
50.0
30.0
42.9
48.4
51.6
57.8
33.3
52.8
58.0
41.4
46.7
50.0
45.5
56.3
45.0
46.2
41.4
40.7
42.6
51.5
42.9
46.8
43.2
50.0
56.9
42.1
53.8
66.7
51.6
40.0
32.4
41.7
46.2
62.7
35.5
61.9
57.1
33.3
43.9
63.2
58.1
40.9
46.2
60.5
37.5
49.0
51.6
70.3
66.7
75.0
61.0
65.5
81.8
66.7
74.2
52.5
46.2
51.4
54.8
51.1
42.4
44.4
43.2
36.5
52.9
43.9
61.5
26.9
56.3
27.0
42.4
54.5
29.0
47.5
54.1
53.3
54.8
62.2
40.0
63.2
45.9
55.9
65.7
38.7
55.6
65.6
53.3
34.6
44.4
49.2
37.9
55.2
56.4
47.7
51.5
34.1
65.6
40.5
55.3
46.4
48.9
55.6
50.0
30.3
30.6
44.6
20.6
51.6
29.0
38.3
24.0
45.3
42.1
30.6
34.4
40.6
36.4
65.5
61.0
69.6
62.1
65.9
56.5
57.6
59.2
69.6
50.0
41.3
80.0
31.8
42.6
42.9
34.5
34.0
35.5
45.5
60.9
68.4
34.9
29.6
69.0
62.2
53.1
50.0
56.7
61.9
58.9
36.8
58.1
54.3
50.0
45.0
25.0
51.9
52.8
66.7
54.3
52.5
58.3
50.0
39.1
52.5
39.1
46.2
54.8
46.8
25.0
48.6
57.9
50.0
50.0
56.1
57.1
45.7
51.4
54.8
61.1
47.4
55.3
79.5
66.0
71.7
57.1
38.5
39.3
35.7
32.1
38.1
37.2
35.7
44.8
47.6
31.6
36.4
37.5
45.5
40.8
39.6
43.3
42.9
61.1
60.0
46.0
65.9
39.3
51.4
44.2
52.5
48.0
51.7
51.6
45.9
57.1
47.1
38.7
45.3
38.5
46.6
27.0
42.4
48.1
35.7
41.5
47.1
70.0
43.8
42.6
50.0
44.9
43.5
34.2
40.0
39.5
42.9
55.3
57.1
51.1
38.3
40.5
25.9
48.3
37.7
55.6
47.7
53.3
41.7
35.7
53.3
65.5
54.1
55.9
56.5
51.0
41.7
50.0
46.2
47.8
48.6
51.9
60.9
49.0
55.6
45.7
55.6
41.2
50.9
54.8
52.3
54.1
55.6
45.0
47.2
40.5
63.6
63.9
60.0
48.3
52.0
44.7
33.8
39.1
29.4
40.6
40.0
39.4
40.9
32.0
32.8
42.1
56.8
48.1
51.4
35.5
46.7
43.6
61.8
40.6
38.0
40.0
57.1
43.1
41.5
50.0
46.4
64.7
60.6
50.0
66.7
50.0
56.4
46.2
35.3
26.7
44.9
30.6
40.6
59.1
40.0
34.8
48.5
64.3
68.6
70.0
96.8
62.5
75.9
68.2
76.7
61.1
67.3
75.0
73.1
93.8
66.0
73.2
48.7
43.5
62.8
52.5
68.8
33.3
47.6
30.2
44.6
48.3
44.4
53.2
33.3
48.5
52.3
45.5
70.0
57.7
77.1
48.6
52.9
47.2
50.9
56.0
48.1
45.5
55.6
54.5
32.0
32.4
66.7
66.7
53.6
55.6
52.6
43.2
51.2
48.1
51.7
53.1
56.5
35.3
58.3
45.7
45.5
54.5
50.0
41.5
47.6
45.9
56.3
51.1
43.2
41.2
37.2
44.4
63.0
50.0
55.9
57.5
60.6
53.6
62.5
56.7
24.0
59.3
44.4
56.1
52.9
43.1
44.4
48.8
38.9
43.8
18.9
45.5
52.9
53.7
39.5
46.7
48.1
48.5
47.2
35.3
63.6
43.5
52.8
61.0
67.2
71.4
47.1
55.6
62.5
66.7
42.9
67.6
54.4
56.5
49.1
48.8
56.3
48.5
51.4
61.1
55.2
54.3
40.0
40.4
51.2
41.4
34.7
29.0
38.1
35.7
33.3
51.4
52.4
54.7
40.6
26.7
43.8
41.4
42.9
59.6
41.7
56.3
53.1
43.8
56.3
78.9
67.3
50.0
60.5
60.0
68.6
52.9
42.9
45.9
63.9
59.0
44.1
41.4
44.9
68.8
58.1
50.0
59.0
55.8
35.3
53.8
50.0
56.7
62.3
67.7
58.3
63.0
52.6
55.6
47.4
67.6
46.9
59.0
66.7
41.7
62.1
50.0
61.5
41.7
50.0
37.5
37.9
54.7
48.1
48.4
40.5
37.5
68.5
62.1
58.6
73.1
50.0
52.8
62.1
45.5
48.6
39.4
50.8
29.5
65.4
53.6
21.6
30.3
39.4
56.0
53.3
66.0
46.4
57.6
63.3
45.9
52.8
31.6
44.6
45.2
34.8
28.0
48.4
40.0
50.0
42.5
47.4
34.4
43.8
60.0
59.4
52.5
45.5
54.4
56.3
37.0
39.5
56.1
36.6
70.4
36.0
36.8
50.0
43.2
51.3
51.1
47.4
47.1
58.8
51.4
61.5
40.0
61.1
39.0
65.9
36.4
60.6
46.3
57.6
63.0
65.6
42.9
57.1
44.0
48.7
57.1
41.9
50.0
25.0
45.0
47.4
51.7
52.6
66.7
43.8
52.1
75.9
55.9
48.6
56.8
46.7
43.1
55.9
52.3
52.4
33.3
25.0
38.2
41.9
21.4
37.5
35.7
37.8
33.3
48.8
31.1
50.0
64.7
62.2
47.1
46.3
56.4
57.1
49.1
68.0
75.0
54.2
59.2
45.5
67.4
55.9
65.5
59.4
70.0
56.5
55.9
54.0
63.2
47.8
51.2
25.0
41.7
48.1
21.7
43.5
28.1
45.5
28.3
51.0
71.4
58.8
58.5
52.4
58.8
64.6
43.3
34.0
25.0
32.5
32.7
31.7
60.0
41.9
35.5
56.1
60.6
59.3
50.0
62.5
32.0
51.6
48.6
69.2
54.1
27.8
40.6
47.7
52.5
53.6
45.5
56.3
50.0
56.1
40.0
50.0
40.0
33.3
54.1
54.1
48.5
60.0
65.0
44.4
83.3
59.6
45.5
53.1
53.6
50.0
53.6
61.5
65.7
44.4
52.9
39.7
45.8
71.9
31.9
38.9
56.0
62.2
50.0
54.7
38.2
54.8
60.4
51.7
80.6
66.7
48.6
61.7
42.4
56.8
55.6
45.0
62.5
47.4
48.8
62.3
44.4
53.3
36.6
47.1
65.8
57.7
60.0
53.3
55.6
33.3
40.9
41.9
42.4
48.7
41.9
47.1
39.3
39.0
40.5
48.0
50.0
43.1
35.9
40.6
45.3
41.4
46.7
61.9
23.8
37.3
33.3
57.9
30.8
43.8
28.2
43.3
76.0
55.6
22.2
42.3
70.0
42.9
50.0
54.8
47.1
46.5
67.4
41.7
44.4
52.9
47.3
32.4
48.5
58.8
47.1
52.9
58.6
59.3
63.0
54.3
55.0
69.0
51.6
55.4
52.1
37.1
58.3
57.6
37.9
53.5
60.5
52.9
54.5
57.1
67.9
54.8
63.3
50.0
54.9
53.3
64.7
60.0
48.9
64.3
44.4
51.4
54.1
85.7
43.8
69.0
56.7
71.4
58.0
48.5
53.7
42.1
54.3
44.4
39.0
41.7
60.7
40.5
51.6
60.0
73.5
55.2
29.4
59.5
47.1
38.2
66.7
40.0
58.8
43.6
51.1
48.7
45.2
41.7
20.0
42.9
37.1
27.5
40.9
40.0
53.6
41.7
50.0
61.5
44.1
55.4
50.0
61.9
50.0
44.0
37.5
35.7
63.6
64.6
37.5
42.4
54.8
57.6
54.5
61.3
60.6
50.0
54.7
58.5
66.7
62.5
42.1
46.9
55.6
57.6
41.0
41.2
47.4
59.3
42.1
40.4
42.9
52.9
55.2
59.6
43.2
53.8
51.2
41.0
23.5
38.7
43.5
42.3
52.4
45.5
42.9
61.7
56.0
37.1
41.5
46.3
16.0
28.3
39.5
38.9
47.1
23.5
44.0
46.5
44.8
28.1
50.0
46.7
45.7
36.6
54.8
56.4
31.0
38.2
52.8
63.6
59.5
29.2
34.3
41.9
69.0
33.3
41.5
26.3
24.1
34.2
39.0
43.2
37.2
39.0
40.0
50.0
36.8
33.3
47.8
33.3
38.1
23.7
41.2
32.3
40.7
47.1
62.0
39.3
56.3
62.1
51.4
76.2
64.1
44.4
54.2
51.7
57.6
66.7
36.8
33.3
63.6
61.1
49.1
73.1
51.4
53.1
40.5
50.0
50.0
50.0
53.3
44.8
41.7
40.0
57.6
32.0
42.3
59.3
52.8
50.0
58.1
45.7
50.0
42.6
52.6
52.5
36.0
64.1
55.0
38.5
41.2
74.2
65.2
62.1
45.2
52.9
60.0
50.0
58.5
40.0
81.3
35.0
48.5
36.4
47.5
35.7
47.2
52.7
58.2
46.3
36.7
72.7
46.2
48.7
52.4
32.4
49.2
40.0
32.3
34.4
34.8
45.2
43.6
46.6
68.2
49.2
35.1
57.7
55.9
32.5
51.4
55.6
50.0
50.0
45.8
28.1
46.9
47.8
57.9
51.4
42.1
40.5
48.7
65.5
55.6
54.1
43.2
44.0
35.8
45.9
33.3
66.7
36.4
48.6
44.4
62.9
50.9
61.8
45.0
36.8
59.3
56.4
45.2
49.1
45.2
43.3
51.4
54.3
47.5
53.6
57.1
33.3
36.0
47.0
41.4
45.9
64.3
36.7
48.7
55.6
52.0
52.5
54.5
51.5
61.5
39.0
55.6
57.6
52.0
47.2
40.7
42.9
48.3
28.0
40.6
51.9
68.0
60.7
51.6
69.6
56.4
69.2
68.4
40.5
61.4
41.2
41.7
28.1
41.7
41.7
46.2
66.7
66.7
62.7
51.9
55.6
45.5
58.3
64.5
60.7
55.6
48.6
62.5
54.5
50.0
48.0
51.7
46.7
36.4
52.4
30.8
61.1
54.1
53.8
44.1
47.0
39.1
40.5
58.7
41.5
66.7
47.2
45.5
46.9
33.3
41.9
44.7
63.6
63.6
48.7
46.5
29.4
84.2
36.1
35.3
52.5
46.9
36.2
48.6
52.8
55.6
65.6
56.3
51.9
41.9
56.7
51.4
49.2
33.3
54.8
60.7
50.0
50.0
52.5
63.4
46.3
55.2
53.8
61.9
55.0
50.0
57.7
60.7
57.6
62.2
73.9
34.1
59.3
58.6
56.4
33.3
56.7
76.9
69.7
55.3
42.9
37.8
46.9
44.7
55.9
29.4
60.0
43.2
54.3
47.5
51.3
53.8
34.1
34.2
40.0
37.8
38.9
35.4
51.3
38.5
76.9
37.5
51.6
36.0
54.8
36.6
33.3
45.7
31.4
38.2
54.5
43.1
30.2
42.5
27.0
32.3
20.0
47.6
48.6
55.2
35.3
51.6
45.2
54.2
48.3
50.0
55.8
51.9
50.0
48.1
47.2
40.0
51.7
74.1
56.5
29.7
60.6
48.3
53.3
74.1
27.3
40.0
28.9
46.2
46.4
41.3
23.5
35.9
32.4
40.0
51.4
40.7
61.8
53.3
54.2
48.5
55.3
48.6
56.3
50.0
36.0
59.6
58.3
24.2
58.8
30.5
44.4
43.2
36.7
40.7
56.8
48.6
69.8
60.9
65.8
48.3
68.8
64.7
70.8
52.8
42.4
37.0
35.7
44.4
56.0
37.8
45.5
37.5
64.7
64.2
55.9
38.6
31.7
61.3
33.3
40.7
63.2
50.0
60.0
38.7
40.0
71.1
60.0
45.3
44.8
71.4
33.3
39.2
32.6
51.6
21.9
34.7
46.2
48.3
63.6
27.3
54.8
71.4
28.6
45.0
57.4
38.1
56.0
50.0
48.8
56.8
48.9
48.0
70.0
49.1
31.6
45.7
45.7
53.8
55.6
48.0
52.9
41.7
68.4
42.9
33.3
58.8
37.8
39.6
32.8
45.5
54.5
37.5
61.1
23.8
35.0
27.9
51.6
50.9
50.9
50.0
42.5
33.3
33.3
46.3
52.1
62.5
54.7
37.0
70.8
55.1
52.6
40.0
54.2
60.0
48.8
27.8
42.9
58.3
52.5
45.2
54.7
66.7
43.8
51.6
38.3
44.1
37.8
33.3
52.9
53.7
69.0
76.1
71.4
68.2
57.1
61.1
40.7
52.9
34.8
53.3
53.1
52.4
46.3
40.0
38.5
33.3
54.2
44.4
47.6
44.1
31.0
60.5
41.2
49.1
58.5
50.0
39.4
52.6
56.0
65.4
62.9
45.5
50.0
48.4
48.6
33.3
50.0
59.0
45.0
58.3
50.9
48.6
58.1
61.3
51.2
66.7
48.0
50.0
38.5
50.0
62.2
52.9
47.4
60.0
61.3
89.5
48.7
44.4
62.2
48.9
57.1
64.5
60.0
41.5
54.1
41.4
34.3
55.0
59.4
31.0
50.0
52.8
44.4
35.5
52.5
42.9
57.5
41.5
60.9
56.7
60.6
50.0
42.9
50.9
44.4
45.2
46.2
44.7
55.9
32.0
40.5
36.8
39.3
45.5
52.5
32.4
55.9
43.2
54.5
60.9
44.8
52.0
50.0
46.7
34.9
47.4
44.0
45.2
28.6
38.9
45.7
46.0
44.1
51.1
51.5
52.9
55.6
55.3
52.8
53.3
56.5
29.0
37.5
54.1
52.2
43.1
48.2
39.1
66.7
40.4
41.4
50.0
48.8
40.6
40.4
30.0
50.0
44.6
37.5
47.8
43.5
47.5
51.3
81.6
66.1
58.5
76.7
61.5
45.8
38.2
48.3
26.7
55.2
40.7
36.4
29.4
60.0
38.9
50.0
46.6
46.3
41.9
41.2
50.0
40.8
26.7
40.5
52.3
59.3
51.3
32.0
15.4
34.5
40.5
45.1
52.8
40.0
53.5
52.5
25.0
46.8
48.8
44.0
41.7
52.2
54.1
39.5
42.6
42.5
38.2
54.8
52.8
57.6
55.6
47.5
66.7
47.6
69.8
35.9
46.7
40.3
48.6
51.4
59.6
70.0
38.2
68.4
42.4
76.4
71.4
29.6
52.9
92.6
56.3
70.6
76.9
49.1
39.4
57.1
48.3
47.2
44.1
43.2
57.9
45.0
59.5
51.4
51.7
52.2
36.4
40.9
53.3
72.2
46.9
81.8
56.3
52.5
41.5
50.8
57.1
45.7
62.9
54.8
50.0
51.6
45.2
48.5
48.6
66.7
44.8
47.5
73.1
55.9
39.3
27.0
42.4
50.0
31.3
41.7
46.7
51.3
34.1
44.1
41.9
38.3
33.3
53.1
62.5
50.0
56.0
53.8
50.0
31.4
46.2
39.4
45.9
33.3
31.6
84.0
64.7
78.8
65.4
57.1
52.4
42.9
72.4
60.3
48.3
67.9
48.6
56.0
40.0
59.3
52.6
47.6
36.4
50.0
45.5
40.0
63.0
50.0
40.0
35.3
29.4
36.5
33.3
43.5
32.0
32.1
22.9
55.7
50.0
41.9
82.8
50.0
70.7
53.7
61.3
58.1
62.5
68.8
57.1
65.0
55.3
43.5
65.0
44.6
50.0
45.9
33.3
64.5
46.7
53.5
35.9
28.6
50.0
45.0
54.5
53.3
45.5
31.8
51.1
50.0
58.1
52.6
44.8
59.5
66.7
55.3
48.0
37.1
62.8
58.8
57.9
52.0
41.9
57.1
35.1
46.0
50.0
56.8
47.1
52.2
66.7
50.0
42.5
52.8
44.3
47.3
43.6
48.3
60.7
50.0
44.2
38.2
45.0
50.0
39.6
52.8
46.3
40.5
41.7
53.7
72.7
65.0
76.9
41.5
69.2
42.4
31.0
55.2
50.0
51.4
51.0
65.5
62.9
56.1
51.6
35.3
51.5
41.2
34.0
42.9
46.7
50.0
25.0
58.6
58.1
63.6
61.1
65.0
44.0
58.8
64.1
40.0
52.6
46.2
30.8
48.8
34.7
38.8
35.7
40.0
52.8
45.5
26.9
59.0
43.9
40.0
41.2
51.4
61.3
48.4
52.8
41.9
67.7
60.9
53.8
33.9
62.5
46.7
48.9
42.9
65.4
62.2
54.2
68.0
59.6
56.3
39.2
26.2
35.7
42.6
41.9
52.4
65.1
41.9
65.2
59.3
74.4
58.7
62.9
51.7
50.0
38.7
63.6
41.9
56.4
47.4
52.8
37.5
39.3
52.8
38.9
50.0
54.2
47.4
36.6
41.3
34.4
57.6
51.4
48.3
56.0
69.7
48.8
67.7
31.3
51.1
63.8
60.7
48.4
75.9
42.4
36.2
42.9
48.2
38.8
54.5
42.9
47.5
36.6
47.1
64.2
49.2
42.0
72.7
48.0
61.5
36.4
54.3
35.0
54.7
61.5
27.5
31.0
35.4
34.4
20.7
38.6
44.1
46.4
50.0
35.3
38.1
60.0
51.5
75.0
48.8
72.2
37.5
58.6
38.2
48.4
37.5
50.0
43.2
50.0
55.9
25.0
55.2
54.3
41.0
56.4
54.4
52.8
52.0
56.0
44.4
43.2
51.5
31.6
41.5
28.0
24.3
51.9
35.1
39.3
33.3
47.1
57.1
64.5
54.8
48.3
51.2
40.0
35.7
53.8
51.7
60.0
58.1
30.8
50.0
44.1
59.0
57.7
49.2
36.7
63.6
50.0
56.4
45.2
52.4
72.2
62.2
58.0
69.2
70.6
51.4
37.1
46.9
53.3
50.0
69.4
55.0
76.0
55.3
46.2
46.4
64.3
57.1
61.5
52.4
49.0
75.0
48.3
54.0
47.5
50.8
35.3
48.4
44.8
33.3
52.5
40.0
38.6
39.3
40.0
52.2
45.0
32.7
45.9
61.7
60.0
54.5
63.6
60.8
56.8
61.7
56.4
46.9
60.9
45.2
37.8
50.0
54.2
46.2
50.0
45.5
45.5
50.8
47.5
47.1
44.8
62.5
38.7
52.2
40.0
46.4
76.7
45.5
47.7
56.1
56.5
38.5
46.2
48.5
25.0
50.0
31.8
43.9
45.5
45.5
62.9
61.5
54.8
45.5
43.3
48.0
51.6
57.1
66.1
53.6
61.9
60.9
54.5
58.6
55.9
53.7
35.3
46.2
40.7
47.6
57.6
38.6
52.3
66.0
50.0
45.8
40.0
39.3
50.0
33.3
43.3
60.3
56.7
61.0
51.4
70.0
51.7
77.4
54.5
50.0
45.5
63.0
40.7
57.1
54.1
41.7
41.2
44.7
37.5
52.4
65.2
46.2
56.3
49.0
58.3
49.2
66.7
52.2
57.4
43.8
36.1
66.7
38.5
62.2
53.1
50.0
44.6
62.1
60.0
57.5
36.0
38.1
55.6
41.8
45.0
65.5
46.9
48.8
47.4
72.4
50.0
47.1
57.1
33.3
52.4
57.5
48.4
37.5
50.0
46.9
37.1
40.0
48.6
49.0
29.6
61.5
45.0
50.0
57.1
57.9
44.8
36.2
21.4
56.6
46.3
45.9
43.3
42.5
57.7
50.0
41.9
35.3
46.4
58.2
45.5
59.6
55.3
40.0
41.9
33.9
57.9
32.4
54.5
46.2
37.9
50.0
48.5
52.0
47.4
48.3
49.0
49.1
44.2
40.0
54.8
47.8
50.0
38.2
46.7
65.6
52.8
49.1
45.5
35.6
42.1
55.6
50.0
51.7
44.0
44.4
43.5
61.9
42.9
57.1
54.5
60.0
69.0
54.5
55.9
33.9
46.7
52.9
41.2
51.6
40.0
48.8
43.3
50.0
65.6
48.0
33.3
44.7
64.1
58.8
53.1
54.1
51.5
45.0
48.3
51.5
45.7
40.0
47.4
53.8
45.0
62.9
63.9
66.7
50.0
63.0
40.0
39.1
31.6
46.0
60.0
48.4
40.0
50.0
37.5
86.2
42.4
58.8
50.0
53.1
49.1
51.9
39.5
61.9
29.2
50.0
38.6
45.5
52.3
54.2
52.5
48.3
47.4
56.8
58.3
51.5
36.1
50.0
40.6
