41.2
75.0
64.0
50.0
55.0
63.6
50.8
68.8
41.3
71.4
66.7
65.5
58.6
35.3
44.4
66.7
53.1
36.1
62.5
53.1
53.7
47.5
55.6
48.1
50.0
60.0
66.7
44.0
60.0
57.9
49.2
64.7
56.3
55.1
52.9
60.4
56.8
53.8
50.7
47.5
69.2
39.5
40.7
50.9
57.7
46.9
48.5
39.1
46.3
48.8
45.0
47.0
42.1
56.3
49.1
47.2
67.3
50.0
50.0
70.0
61.3
58.6
52.0
61.1
51.2
69.8
72.0
74.5
59.5
58.8
54.5
64.5
51.3
63.0
66.7
60.3
55.6
63.9
70.6
56.3
57.9
43.2
61.4
63.6
58.1
40.9
66.7
67.6
50.0
62.5
41.2
58.3
36.6
60.9
50.0
73.3
52.8
56.8
60.7
51.1
55.3
55.9
56.6
58.6
51.4
51.4
51.6
44.8
48.2
34.8
56.4
57.9
60.0
53.6
51.7
43.8
51.4
50.0
59.6
30.6
33.3
53.2
59.1
50.0
54.1
57.1
47.6
47.2
58.3
51.2
54.1
54.8
53.5
40.5
55.9
62.8
44.4
60.9
57.7
45.7
92.9
74.2
60.0
38.1
50.0
51.3
61.1
58.7
70.0
47.2
30.3
41.9
42.4
39.1
69.8
57.1
42.1
41.9
46.2
60.6
57.9
51.4
51.7
46.8
51.2
34.2
74.0
61.4
65.5
66.7
60.0
75.0
53.6
58.8
42.9
50.0
37.1
31.7
58.1
61.5
48.6
51.2
45.7
59.3
64.4
114.3
70.4
93.0
52.2
58.8
51.7
59.0
58.3
64.0
59.5
59.5
48.1
69.7
44.4
60.0
50.8
41.2
44.9
55.9
45.8
50.0
66.0
94.7
59.6
66.7
66.7
62.5
43.1
61.0
60.0
54.4
56.8
56.8
46.7
81.8
34.6
61.9
46.9
56.3
55.3
47.1
47.6
66.7
53.8
48.0
55.9
46.7
62.5
56.8
48.0
28.0
55.6
47.2
48.7
62.5
70.0
57.1
69.0
63.4
48.8
55.2
58.2
46.0
25.0
42.9
51.6
51.6
55.6
40.7
52.8
62.0
48.3
62.2
67.6
51.5
60.4
50.0
51.3
58.6
54.2
55.3
54.5
54.3
61.7
43.2
53.1
56.9
50.9
73.1
81.0
64.5
52.0
45.9
45.8
30.8
62.7
64.5
71.4
57.1
49.0
43.9
52.6
58.1
48.5
42.3
42.1
50.0
52.9
54.8
62.2
66.7
68.3
63.4
58.6
72.7
66.7
61.3
52.5
61.5
48.6
51.6
51.1
54.5
48.9
54.1
47.6
64.7
53.7
43.6
38.5
56.3
32.4
42.4
45.5
58.1
59.0
62.2
73.3
61.3
57.8
60.0
59.6
51.4
64.7
68.6
51.6
48.1
56.3
70.0
46.2
75.0
47.7
37.9
51.7
46.2
47.7
57.6
50.0
65.6
51.4
47.4
60.7
55.6
42.2
47.2
54.5
41.7
51.8
35.3
64.5
41.9
51.1
44.0
50.0
39.5
41.7
25.0
62.5
40.9
65.5
63.4
52.2
58.6
65.9
53.2
54.5
61.2
69.6
50.0
49.2
76.0
45.5
57.4
42.9
34.5
50.0
48.4
60.6
60.9
68.4
41.9
63.0
89.7
64.9
46.9
56.5
56.7
61.9
57.1
47.4
61.3
60.0
41.2
50.0
40.0
50.0
56.6
59.3
62.9
55.0
54.2
55.9
56.5
60.0
58.7
56.4
64.5
57.4
58.3
51.4
73.7
46.4
53.1
65.9
60.7
54.3
54.3
53.2
50.0
57.9
48.9
41.0
62.0
60.9
45.7
51.3
46.4
48.2
57.1
54.8
51.2
42.9
44.8
52.4
44.7
57.6
41.1
45.5
69.4
45.8
40.0
42.9
61.1
60.0
48.0
59.1
53.6
74.3
53.5
50.8
64.0
56.7
41.9
45.9
71.4
55.9
41.9
47.2
48.7
51.7
32.4
45.5
51.9
53.6
41.5
58.8
46.7
50.0
27.7
37.5
34.7
43.5
28.9
56.0
57.9
59.5
57.9
50.0
44.4
44.7
40.5
33.3
62.1
41.0
46.7
59.1
60.0
50.0
54.8
51.7
58.6
51.4
58.8
65.2
45.1
61.1
56.0
50.0
52.2
54.1
59.6
65.2
59.2
47.2
51.4
55.6
41.2
58.2
64.5
45.5
54.1
63.0
50.0
52.8
54.1
52.7
55.6
60.0
65.5
62.0
52.6
49.2
52.2
58.8
50.0
46.7
45.5
50.0
48.0
31.1
42.1
59.1
44.4
67.6
38.7
40.0
56.4
58.8
43.8
54.0
56.7
71.4
39.2
58.5
50.0
67.9
70.6
60.6
58.3
75.0
52.8
52.7
53.8
50.0
36.7
57.1
47.2
40.6
63.6
50.0
52.2
54.5
66.1
54.9
66.7
80.6
58.3
51.7
52.3
73.3
55.6
71.2
75.0
57.7
75.0
59.6
61.0
61.5
60.9
60.5
50.0
65.6
33.3
64.3
44.2
50.0
44.8
47.2
51.1
53.8
51.5
61.4
45.5
65.0
65.4
80.0
57.1
50.0
55.6
50.9
52.0
59.6
45.5
55.6
63.6
36.0
38.2
63.3
60.0
60.7
44.4
57.9
52.3
46.3
59.3
41.4
55.1
52.2
47.1
50.0
41.3
54.5
51.5
57.5
34.1
59.5
54.1
59.4
46.8
59.1
52.9
55.8
42.2
64.8
64.3
67.6
57.5
69.7
60.7
58.3
36.7
36.0
63.0
44.4
46.3
64.7
55.2
42.2
48.8
38.9
81.3
40.5
48.5
47.1
47.8
51.2
46.7
61.1
62.1
52.8
35.3
54.5
52.2
44.4
61.0
60.7
66.1
47.1
61.1
79.2
61.9
57.1
56.8
56.1
56.5
43.6
48.8
65.6
57.6
54.3
55.6
58.6
60.0
37.1
35.1
41.5
37.9
38.8
35.5
45.2
64.3
45.8
56.8
47.6
50.9
28.1
30.0
53.1
51.7
46.4
53.8
41.7
62.5
62.5
50.0
56.3
73.7
53.8
53.3
67.4
63.6
65.7
49.0
45.7
70.3
66.7
59.0
61.8
62.1
38.8
59.4
51.6
58.8
47.5
60.5
58.8
56.9
65.8
60.0
66.0
77.4
69.4
65.2
73.7
54.0
65.8
67.6
45.3
48.7
48.1
45.8
62.1
65.6
61.5
77.8
53.1
33.3
36.4
56.6
40.7
71.0
45.9
43.8
64.8
51.7
62.1
69.2
60.7
52.8
65.5
57.6
51.4
60.6
57.6
38.6
69.2
57.1
35.1
45.5
45.5
48.0
58.3
74.0
67.9
60.6
60.0
48.6
63.9
47.4
57.1
51.6
47.8
32.0
58.1
40.0
46.9
45.0
52.6
34.4
56.3
50.0
43.8
57.5
51.5
56.1
53.1
48.1
51.2
65.9
41.5
59.3
52.0
42.1
70.5
51.4
53.8
55.3
55.3
39.2
55.9
59.5
53.8
45.0
61.1
43.9
68.3
50.0
48.5
59.3
51.5
70.4
56.3
57.1
47.6
52.0
43.6
57.1
46.8
51.9
50.0
42.5
39.5
44.8
63.2
55.6
46.9
54.2
72.4
61.8
62.2
52.3
53.3
49.2
55.9
56.8
57.1
54.2
42.9
41.2
41.9
50.0
29.2
35.7
54.1
31.1
61.0
48.9
68.8
70.6
54.1
55.9
53.7
52.7
51.4
45.3
68.0
87.5
62.7
61.2
59.1
74.4
55.9
51.7
48.4
70.0
50.7
64.7
60.0
60.5
47.8
53.7
50.0
47.9
55.6
28.3
50.0
40.6
47.7
34.8
60.8
57.1
58.8
56.6
50.0
60.8
66.7
43.3
44.7
55.6
45.0
45.5
43.9
72.0
51.6
38.7
54.4
57.6
62.7
50.0
62.5
40.0
67.7
56.8
66.7
45.9
38.9
62.5
50.0
52.5
46.4
47.7
59.4
50.0
57.9
30.0
58.3
40.0
73.3
59.5
48.6
39.4
75.0
70.0
41.7
80.0
44.2
39.4
54.7
64.3
57.1
35.7
69.2
54.3
46.7
58.8
36.2
33.3
56.3
42.6
50.0
50.0
62.2
57.7
50.0
41.2
74.2
62.5
65.5
48.4
70.0
40.5
63.3
54.2
56.8
55.6
55.0
75.0
52.6
53.7
54.7
55.6
57.8
43.9
50.0
55.3
57.7
50.0
53.3
55.6
33.3
56.8
41.9
42.4
43.6
51.6
41.2
50.0
50.8
40.5
48.0
40.9
41.2
28.2
53.1
54.7
31.0
60.0
76.2
47.6
43.1
50.0
65.8
53.8
50.0
38.5
53.3
64.0
55.6
42.2
57.7
60.0
55.6
53.3
54.8
50.0
44.2
58.1
50.0
48.1
47.1
54.5
51.4
51.5
61.8
50.0
64.7
63.8
49.2
59.3
54.3
75.0
69.0
61.3
64.3
41.7
51.4
47.2
63.6
65.5
65.1
47.4
47.1
72.7
55.1
60.7
50.0
71.4
41.7
52.9
66.7
64.7
46.7
51.1
53.6
55.6
70.3
59.5
82.9
50.0
56.9
60.0
81.0
56.0
50.0
58.5
47.4
65.7
44.4
39.0
66.7
67.9
54.1
41.9
65.5
73.5
58.6
41.2
76.2
55.9
41.2
54.5
50.0
58.8
49.1
71.1
56.4
48.4
62.5
40.0
64.3
46.8
47.5
43.2
60.0
67.9
55.6
44.4
56.4
49.2
60.7
50.0
57.1
41.7
60.0
40.6
57.1
61.8
64.6
50.0
60.6
71.0
63.6
60.6
58.1
57.6
28.9
47.2
46.3
62.2
52.1
39.5
48.4
58.7
69.7
61.5
50.0
57.9
74.1
52.6
55.8
52.4
58.8
55.2
51.1
59.5
53.8
46.3
52.5
64.7
22.6
60.9
53.8
64.3
59.1
60.0
59.6
80.0
37.1
53.7
53.7
20.0
47.8
41.9
50.0
67.6
55.9
70.0
44.2
65.5
31.3
41.7
46.7
37.0
46.3
51.6
61.5
51.7
41.2
50.0
69.1
51.4
33.3
40.0
41.9
58.6
51.9
41.5
31.6
44.8
39.5
36.6
51.4
32.6
58.5
48.9
58.0
50.9
40.0
21.7
58.3
38.1
36.8
38.2
51.6
57.6
58.8
60.0
60.7
59.4
62.1
45.7
64.3
69.2
48.1
60.4
65.5
51.5
53.3
52.6
59.5
60.6
61.1
52.7
69.2
51.4
57.1
42.9
54.2
60.0
54.2
56.7
37.9
61.1
55.6
54.5
38.0
46.2
63.0
55.6
73.1
64.5
51.4
62.5
57.4
57.9
62.5
56.0
61.5
52.5
30.8
64.7
71.0
47.8
58.6
41.9
58.8
52.0
43.3
56.1
36.4
68.8
30.0
45.5
43.2
59.3
50.0
45.3
54.5
56.4
50.0
55.1
72.7
57.7
59.0
52.4
41.2
49.2
56.7
25.8
68.8
52.2
51.6
56.4
53.4
68.2
52.5
37.8
53.8
55.9
55.0
57.1
55.6
55.0
56.5
45.8
53.1
57.1
73.9
52.6
51.4
47.4
59.5
48.7
75.9
55.6
56.8
50.0
68.0
47.8
62.2
38.9
64.4
54.5
51.4
47.2
65.7
49.1
61.8
50.0
47.4
49.2
64.1
38.7
45.5
48.4
43.3
54.3
52.2
47.5
71.4
35.7
43.1
40.0
50.0
41.4
51.4
57.1
40.0
48.7
77.8
48.0
55.7
69.7
60.6
53.8
46.3
60.0
60.6
46.0
55.6
46.3
47.6
58.6
46.0
43.8
55.6
72.0
71.4
51.6
69.6
51.3
65.4
63.2
45.2
50.0
52.9
40.0
43.8
43.8
66.7
46.2
66.7
66.7
57.6
57.7
59.3
56.8
66.7
77.4
76.8
50.0
40.5
58.3
57.6
57.1
56.0
51.7
56.7
31.8
60.3
50.0
58.3
51.4
57.7
52.9
43.9
56.5
51.4
71.7
48.8
66.7
58.5
45.5
45.3
38.1
41.9
46.8
81.8
61.4
56.4
34.9
52.9
84.2
38.9
35.3
45.0
40.8
57.4
42.9
56.6
72.2
56.3
68.8
51.9
25.8
63.3
45.7
54.2
25.0
59.7
60.7
52.6
43.8
55.0
61.0
51.9
62.1
34.6
71.4
60.0
52.9
65.4
75.0
47.5
51.4
60.9
45.5
85.2
58.6
51.3
45.5
66.7
76.9
63.6
55.3
46.4
46.7
53.1
52.6
52.5
35.3
48.0
48.6
60.0
50.0
61.5
56.4
48.8
52.6
33.3
70.3
50.0
50.0
61.5
40.4
61.5
46.4
61.3
60.0
61.9
43.9
51.9
60.0
31.4
64.7
60.6
52.9
47.2
55.0
51.4
45.2
35.0
61.9
48.6
65.5
67.6
59.4
54.8
52.1
48.3
60.0
55.8
51.9
45.2
44.4
33.3
36.7
62.1
59.3
63.8
45.9
60.6
51.7
56.7
85.2
31.8
50.0
36.8
56.4
46.4
52.2
37.3
51.3
47.1
45.0
67.6
74.1
64.7
55.6
62.5
48.5
55.3
54.3
62.5
62.5
48.0
53.2
50.0
51.5
47.1
47.5
44.4
54.5
43.3
57.4
59.5
51.4
60.4
60.9
52.6
58.6
62.5
66.7
62.5
63.9
49.2
63.0
64.3
48.1
48.0
62.2
52.3
34.4
47.1
49.1
50.0
45.6
36.6
48.4
46.7
40.7
57.9
40.9
56.4
38.7
55.0
63.2
60.0
30.2
50.7
85.7
33.3
51.0
44.2
80.6
28.1
38.8
53.8
56.7
51.5
45.5
51.6
81.0
39.3
55.0
63.0
57.1
64.0
56.7
58.5
73.0
51.1
46.0
60.0
66.7
47.4
54.3
48.6
50.0
61.1
64.0
54.9
58.3
76.3
57.1
60.6
58.8
54.1
58.3
39.1
36.4
54.5
47.5
66.7
33.3
65.0
53.5
61.3
56.6
61.8
46.2
50.0
46.7
40.0
51.2
33.3
43.8
90.6
63.0
79.2
65.3
55.3
54.3
69.5
65.0
44.2
47.2
42.9
58.3
57.5
57.1
56.6
61.9
40.6
48.4
53.2
58.8
46.7
54.5
61.8
56.1
72.4
58.7
76.2
54.5
57.1
47.2
55.6
70.6
26.1
66.7
62.5
49.2
51.2
48.9
48.7
47.2
50.8
63.0
42.9
52.9
35.7
65.1
29.4
49.1
54.7
65.6
54.5
55.3
58.0
57.7
60.0
42.4
65.0
41.9
45.7
45.8
44.1
61.5
50.0
56.3
57.9
48.6
54.8
54.8
65.1
59.0
72.0
66.7
51.3
67.4
45.9
54.9
68.4
52.0
69.4
78.9
53.8
51.9
73.0
60.0
46.9
58.1
57.1
51.2
54.1
41.4
48.6
65.0
62.5
34.5
47.0
50.0
55.6
29.0
55.0
42.9
67.5
49.1
60.9
56.7
66.7
47.7
57.1
52.7
51.9
51.6
61.5
55.3
61.0
56.0
40.5
60.5
46.4
63.6
57.4
47.1
64.4
59.5
63.6
69.6
55.2
48.0
51.9
86.7
52.4
52.6
56.0
64.5
50.0
55.6
48.6
60.3
50.0
60.0
66.7
47.1
52.8
60.5
69.4
66.7
56.5
35.5
42.5
70.3
47.8
43.1
48.2
52.2
70.8
57.7
51.7
36.1
55.8
50.0
43.9
45.0
61.3
44.6
34.4
56.5
56.5
57.5
43.6
78.9
75.0
65.9
93.3
65.4
56.3
47.1
58.6
66.7
67.2
63.0
42.4
45.1
76.0
61.1
57.1
53.4
53.7
48.8
52.9
60.7
34.7
43.3
51.4
50.8
59.3
41.0
36.0
26.9
48.3
35.1
54.9
52.8
65.0
62.8
65.0
50.0
48.9
48.8
52.0
47.2
63.0
75.7
50.0
68.1
62.5
36.4
53.2
44.4
57.6
70.4
55.0
58.3
38.1
53.5
46.2
46.7
45.2
56.8
45.7
57.4
60.0
41.8
59.6
54.2
61.8
71.4
48.1
55.9
81.5
68.8
67.6
65.4
63.2
51.5
50.0
51.7
50.0
52.9
48.6
63.2
50.0
69.0
43.2
58.6
58.7
45.5
50.0
50.0
66.7
42.9
63.6
50.0
65.0
36.6
54.1
67.9
68.6
62.9
58.1
78.6
71.0
61.3
40.9
60.0
64.1
55.2
42.5
65.4
41.2
35.7
43.2
60.6
50.0
50.0
58.3
55.6
61.5
39.0
44.1
29.0
44.7
50.0
46.9
56.3
52.1
52.0
53.8
53.4
48.6
35.9
45.5
54.1
44.4
31.6
68.0
94.1
78.8
69.2
58.9
59.5
60.0
75.9
60.3
55.0
67.9
57.1
64.0
32.0
70.4
57.9
45.2
31.8
61.8
54.5
52.5
53.7
34.4
46.7
47.1
50.0
47.6
42.2
52.2
52.0
64.3
28.6
50.8
58.3
45.2
75.9
56.8
65.9
48.8
54.8
58.1
67.5
46.9
50.0
65.0
63.2
50.0
60.0
55.4
64.3
51.4
46.2
67.7
60.0
69.8
56.4
38.1
34.4
50.0
47.7
55.6
57.6
52.3
46.8
46.9
38.7
50.0
34.5
62.2
80.6
48.9
56.0
57.1
65.1
58.8
50.0
48.0
37.2
52.4
24.3
42.9
54.5
54.5
55.9
65.2
42.9
45.8
50.0
52.8
42.6
58.2
41.0
82.8
64.3
58.3
41.9
47.1
45.0
50.0
47.9
52.8
40.7
62.2
54.2
43.3
72.7
62.5
53.8
56.1
57.7
51.5
48.3
75.9
66.7
54.3
59.2
58.6
51.4
48.8
54.8
67.6
42.4
41.2
40.0
57.1
50.0
39.3
36.1
56.9
48.4
60.6
61.1
70.0
48.0
67.6
69.2
46.7
47.4
46.2
44.2
41.5
55.1
40.8
39.3
53.3
58.3
60.6
53.8
61.5
58.5
60.0
61.8
51.4
54.8
60.9
72.2
61.3
64.5
56.5
61.5
62.5
62.5
63.3
64.4
48.6
57.7
56.8
54.2
52.0
63.5
68.8
64.7
45.2
46.4
63.8
41.9
57.1
69.8
48.4
73.9
55.6
69.8
58.7
62.9
43.3
69.2
48.4
63.6
41.9
63.6
71.1
47.2
68.8
42.6
38.9
52.8
55.0
50.0
47.4
53.7
50.8
43.8
54.5
67.6
48.3
72.0
66.7
53.7
52.3
37.5
42.2
70.2
50.0
45.2
58.6
54.5
44.8
66.7
55.4
42.9
45.5
57.1
57.5
31.7
50.0
58.5
49.2
52.0
118.2
40.0
64.1
38.6
65.7
45.0
60.9
61.5
37.5
37.9
47.9
46.9
27.6
43.9
50.8
67.9
52.4
29.4
45.2
62.2
60.6
81.3
58.5
66.7
55.0
58.6
47.1
38.7
44.6
50.0
54.1
46.4
58.8
53.6
37.9
68.6
47.5
43.6
54.4
55.6
60.0
40.0
55.6
32.4
63.6
36.8
34.0
38.0
45.9
55.6
56.8
42.9
60.0
55.9
57.1
77.4
61.3
53.3
55.8
64.0
50.0
53.8
65.5
57.5
61.3
43.1
54.3
32.4
44.3
61.5
34.4
46.9
63.6
54.0
56.4
40.5
61.9
77.8
54.1
62.0
76.9
68.6
59.5
45.7
45.3
53.3
62.5
55.1
80.0
68.0
57.4
43.6
46.4
50.0
61.2
67.3
59.5
59.2
58.3
37.9
40.0
52.5
61.0
38.2
48.4
41.4
55.6
40.0
40.0
56.1
54.1
71.4
69.6
65.0
38.8
59.5
61.7
80.0
65.9
60.6
51.0
59.5
55.3
66.7
71.9
56.5
51.6
45.9
90.0
54.2
61.5
62.5
57.6
72.7
55.9
55.0
50.0
69.0
68.8
51.6
55.1
30.0
64.3
60.0
51.5
50.8
56.1
45.7
43.1
43.1
54.5
29.2
50.0
27.3
41.5
48.5
54.5
62.9
74.4
52.4
57.6
50.0
52.0
45.2
66.7
57.1
58.0
57.1
52.2
63.6
44.8
58.8
58.5
52.9
51.9
59.3
52.4
48.5
43.2
50.0
63.8
50.0
55.9
45.0
60.7
51.8
62.5
50.0
67.2
56.7
54.2
51.4
63.3
51.7
54.8
57.6
60.9
50.0
59.3
33.3
64.3
45.9
52.1
47.1
52.6
42.2
33.3
56.5
48.7
56.3
58.8
58.3
69.2
71.4
60.9
57.4
46.9
47.2
74.5
41.0
56.8
51.6
57.1
42.9
58.6
56.7
57.5
52.0
47.6
51.9
52.7
47.5
58.6
56.3
62.8
52.6
70.7
59.5
61.8
59.5
72.2
47.6
60.0
51.6
45.8
65.0
43.8
54.3
51.4
48.6
39.2
37.0
63.5
60.0
46.6
61.2
65.8
58.6
55.3
42.9
60.4
58.5
59.5
56.7
47.5
65.4
50.0
58.1
44.1
64.3
61.8
51.5
53.2
52.6
60.0
53.5
45.8
73.7
45.9
56.8
73.1
55.2
55.6
39.4
64.0
63.2
51.7
55.1
47.2
60.5
48.6
45.2
43.3
44.4
44.1
60.0
56.3
41.7
35.8
45.5
44.1
57.9
51.9
42.1
55.2
44.0
58.3
34.8
50.0
57.1
64.3
72.7
60.0
54.8
52.3
58.8
49.2
40.0
70.6
52.9
61.3
48.6
46.3
53.3
44.4
56.3
56.0
70.0
47.4
69.2
47.1
49.0
56.8
51.5
56.7
50.0
54.5
52.2
36.0
42.1
51.3
55.0
54.3
55.6
50.0
59.1
59.3
55.6
39.1
63.2
48.0
66.7
51.6
33.3
40.9
45.8
69.0
60.6
62.7
46.2
59.4
58.5
48.1
65.8
68.3
37.5
58.3
35.1
48.5
54.5
62.5
50.0
56.9
73.7
65.9
64.6
63.6
36.1
55.0
46.9
