55.9
75.0
76.0
59.5
50.0
66.7
60.3
56.3
39.1
71.4
69.7
72.4
65.5
47.1
55.6
70.0
53.1
47.2
59.4
65.6
63.4
60.0
63.9
66.7
54.2
56.7
61.9
44.0
65.0
52.6
54.0
58.8
66.7
53.1
70.6
64.2
64.9
53.8
52.2
55.0
69.2
37.2
48.1
61.4
46.2
59.4
60.6
52.2
53.7
65.9
55.0
60.6
57.9
62.5
63.6
61.1
63.6
57.1
61.1
70.0
54.8
55.2
52.0
57.4
53.7
71.7
68.0
70.2
56.8
47.1
66.7
74.2
59.0
67.4
62.5
65.5
62.2
69.4
72.5
62.5
52.6
59.1
52.3
72.7
55.8
45.5
53.3
61.8
52.1
68.8
47.1
48.3
46.3
47.8
55.0
66.7
52.8
54.1
53.6
55.6
55.3
44.1
58.5
58.6
56.8
59.5
54.8
51.7
60.7
39.1
58.2
63.2
68.0
57.1
62.1
50.0
65.7
54.2
57.9
50.0
42.9
57.4
65.9
53.3
51.4
54.8
42.9
41.7
69.4
65.1
62.2
56.5
60.5
47.6
57.6
88.4
72.2
60.9
61.5
71.4
103.6
87.1
61.7
42.9
59.1
56.4
61.1
63.0
70.0
54.7
30.3
54.8
48.5
50.0
65.1
64.3
52.6
58.1
53.8
69.7
55.3
56.8
55.2
57.4
62.8
39.5
60.0
61.4
63.8
52.4
60.0
58.3
57.1
64.7
54.3
47.1
50.0
48.8
61.3
61.5
51.4
44.2
62.9
64.4
64.4
104.8
66.7
86.0
65.2
61.8
55.0
63.9
66.7
64.0
56.8
64.9
59.3
66.7
33.3
63.6
61.0
52.9
55.1
58.8
52.1
50.0
70.2
110.5
52.6
56.7
71.4
54.2
60.8
46.3
47.5
57.9
54.5
51.4
60.0
68.2
53.8
47.6
61.2
56.3
63.8
58.8
52.4
71.4
56.4
44.0
64.4
60.0
59.4
59.5
68.0
44.0
48.1
44.4
61.5
56.3
62.5
57.1
69.0
58.5
70.7
55.2
60.0
52.0
45.0
57.1
58.1
58.1
55.6
37.0
55.6
62.0
51.7
71.1
67.6
54.5
66.7
57.5
56.4
69.0
61.0
59.6
63.6
65.7
66.0
40.5
59.4
55.2
50.9
61.5
61.9
67.7
72.0
59.5
52.1
34.6
60.8
61.3
66.7
71.4
54.9
43.9
63.2
58.1
50.0
61.5
71.1
58.3
60.8
64.5
59.5
70.0
70.0
56.1
55.2
72.7
66.7
67.7
47.5
66.7
56.8
61.3
55.3
45.5
51.1
51.4
55.6
58.8
65.9
51.3
61.5
65.6
56.8
60.6
51.5
51.6
55.7
56.8
70.0
58.1
60.0
52.0
68.4
51.4
58.8
62.9
61.3
74.1
56.3
63.3
65.4
69.4
53.8
51.7
65.5
56.4
52.3
54.5
50.0
65.6
54.1
63.2
60.7
60.0
62.2
52.8
60.6
38.9
50.0
38.2
61.3
51.6
61.7
44.0
59.4
50.0
61.1
43.8
59.4
50.0
55.2
70.7
69.6
65.5
63.4
58.1
57.6
63.3
60.9
57.1
49.2
72.0
50.0
64.8
59.5
55.2
62.0
58.1
57.6
69.6
68.4
51.2
59.3
86.2
64.9
53.1
58.1
53.3
66.7
50.0
42.1
51.6
60.0
55.9
60.0
45.0
57.4
66.0
59.3
62.9
67.5
56.3
64.7
56.5
70.0
56.5
69.2
64.5
66.0
50.0
54.3
73.7
60.7
46.9
63.4
57.1
60.0
57.1
40.3
38.9
47.4
51.1
59.0
56.0
65.2
48.6
59.0
42.9
57.1
57.1
59.5
51.2
61.9
48.3
57.1
44.7
54.5
51.8
59.1
57.1
66.7
53.3
50.0
55.6
56.0
56.0
72.7
60.7
54.3
48.8
44.3
72.0
51.7
48.4
62.2
66.7
67.6
45.2
58.5
53.8
53.4
54.1
57.6
48.1
50.0
46.3
61.8
56.7
56.3
51.1
50.0
46.9
54.3
39.5
64.0
52.6
52.4
63.2
46.4
55.6
53.2
32.4
44.4
55.2
57.4
57.8
70.5
66.7
47.2
57.1
45.0
62.1
45.9
55.9
60.9
41.2
63.9
64.0
61.5
47.8
54.1
65.4
69.6
63.3
58.3
45.7
53.3
47.1
54.5
61.3
54.5
64.9
70.4
45.0
47.2
45.9
63.6
66.7
60.0
58.6
58.0
50.0
55.4
67.4
70.6
56.3
56.7
51.5
50.0
48.0
44.3
36.8
68.2
51.9
62.2
51.6
56.7
64.1
58.8
46.9
54.0
63.3
66.7
51.0
48.8
57.1
60.7
76.5
63.6
66.7
54.2
61.1
58.2
59.0
61.8
50.0
57.1
52.8
68.8
63.6
63.3
47.8
63.6
60.7
64.7
53.3
77.4
50.0
62.1
59.1
78.3
61.1
71.2
72.9
61.5
56.3
63.8
61.0
64.1
47.8
65.1
57.5
65.6
45.2
61.9
48.8
58.9
58.6
52.8
63.8
59.0
48.5
61.4
45.5
70.0
50.0
71.4
68.6
64.7
72.2
54.5
60.0
65.4
63.6
66.7
63.6
56.0
50.0
60.0
66.7
57.1
55.6
52.6
52.3
48.8
77.8
41.4
57.1
65.2
52.9
55.0
58.7
56.8
60.6
60.0
46.3
59.5
56.8
78.1
59.6
52.3
64.7
48.8
46.7
66.7
50.0
73.5
57.5
66.7
71.4
58.3
50.0
44.0
55.6
41.7
63.4
73.5
53.4
53.3
53.7
50.0
68.8
27.0
51.5
64.7
55.2
58.1
53.3
72.2
65.2
63.9
52.9
54.5
47.8
61.1
61.0
60.7
58.9
64.7
55.6
70.8
61.9
46.9
73.0
61.4
52.2
45.5
55.8
62.5
57.6
62.9
55.6
55.2
62.9
51.4
43.9
56.1
41.4
53.1
45.2
47.6
57.1
62.5
56.8
59.5
58.5
46.9
26.7
50.0
51.7
50.0
50.0
50.0
65.6
59.4
37.5
62.5
73.7
69.2
56.7
62.8
61.8
57.1
58.8
57.1
64.9
63.9
69.2
55.9
65.5
55.1
59.4
64.5
67.6
57.4
60.5
58.8
61.5
71.1
56.7
58.5
71.0
72.2
58.7
63.2
54.0
57.9
67.6
51.6
51.3
51.9
62.5
65.5
68.8
69.2
75.0
56.3
41.7
59.1
58.5
51.9
71.0
62.2
62.5
64.8
69.0
56.9
65.4
64.3
61.1
62.1
63.6
45.9
54.5
61.0
52.3
61.5
64.3
48.6
54.5
54.5
56.0
65.0
70.0
57.1
54.5
53.3
56.8
52.8
42.1
51.8
58.1
65.2
56.0
64.5
47.5
56.3
52.5
50.9
40.6
62.5
65.0
62.5
57.5
57.6
59.6
59.4
51.9
53.5
58.5
61.0
55.6
60.0
47.4
59.1
64.9
64.1
55.3
65.8
43.1
52.9
48.6
50.0
50.0
52.8
48.8
63.4
61.4
57.6
51.9
62.1
66.7
68.8
42.9
57.1
48.0
48.7
57.1
51.6
46.2
45.0
42.5
44.7
55.2
60.5
77.8
40.6
56.3
51.7
70.6
56.8
54.5
46.7
53.8
62.7
52.3
47.6
54.2
46.4
55.9
58.1
64.3
54.2
47.6
48.6
53.3
65.9
46.7
62.5
58.8
62.2
61.8
61.0
63.6
60.0
45.3
60.0
75.0
57.6
63.3
68.2
79.1
55.9
44.8
46.9
60.0
55.1
61.8
54.0
60.5
47.8
56.1
50.0
60.4
55.6
54.3
52.2
53.1
45.5
45.7
68.6
57.1
64.7
56.6
52.4
64.7
68.8
50.0
53.2
50.0
52.5
49.1
61.0
72.0
54.8
45.2
59.6
57.6
55.9
66.7
70.8
56.0
67.7
54.1
61.5
45.9
50.0
62.5
59.1
57.5
67.9
47.7
59.4
50.0
49.1
46.7
62.5
60.0
70.0
54.1
62.2
57.6
67.5
67.5
47.2
80.0
51.9
57.6
59.4
53.6
71.4
42.9
57.7
65.7
44.4
64.7
56.9
50.0
68.8
57.4
66.7
60.0
62.2
61.5
57.8
58.8
67.7
62.5
62.1
64.5
66.7
54.1
61.7
54.2
64.9
55.6
60.0
62.5
52.6
58.5
67.9
58.3
60.0
46.3
64.7
65.8
61.5
65.0
55.6
66.7
54.5
65.9
61.3
54.5
64.1
48.4
52.9
60.7
54.2
56.8
60.0
54.5
49.0
61.5
59.4
54.7
44.8
63.3
76.2
52.4
60.8
42.9
55.3
48.1
56.3
41.0
46.7
72.0
47.2
46.7
53.8
70.0
54.0
53.3
57.1
55.9
53.5
62.8
55.0
48.1
50.0
54.5
54.1
54.5
70.6
55.9
58.8
63.8
49.2
63.0
65.7
75.0
65.5
54.8
60.7
54.2
57.1
55.6
63.6
69.0
62.8
65.8
47.1
63.6
65.3
71.4
52.4
67.3
61.1
58.8
66.7
82.4
50.0
57.4
60.7
57.4
70.3
54.1
82.9
50.0
65.5
66.7
71.4
60.0
62.1
63.4
57.9
51.4
55.6
53.7
54.2
71.4
56.8
61.3
67.3
70.6
58.6
47.1
66.7
50.0
44.1
54.5
65.0
47.1
56.4
71.1
71.8
51.6
68.8
53.3
71.4
56.5
50.0
56.8
64.0
82.1
66.7
50.0
59.0
55.9
60.7
44.7
76.2
45.8
56.0
46.9
57.1
63.6
64.6
48.2
54.5
64.5
51.5
66.7
61.3
54.5
52.6
52.8
63.4
66.7
62.5
52.6
53.1
61.9
57.6
66.7
58.8
63.2
66.7
63.2
61.5
47.6
58.8
58.6
51.1
62.2
69.2
51.2
50.8
52.9
41.9
73.9
57.7
59.5
54.5
54.3
66.0
52.0
43.5
63.4
56.1
40.0
63.0
39.5
50.0
58.8
55.9
62.0
48.8
79.3
40.6
52.1
66.7
43.5
41.5
51.6
59.0
62.1
50.0
55.6
63.6
51.4
40.3
48.6
48.4
55.2
55.6
53.7
52.6
48.3
55.3
58.5
51.4
41.9
63.4
55.6
54.0
61.4
48.3
60.9
66.7
61.9
47.4
47.1
45.2
52.5
50.0
66.0
46.4
56.3
51.7
62.9
61.9
59.0
48.1
70.8
58.6
48.5
46.7
55.3
59.5
60.6
55.6
52.7
57.7
57.1
59.2
52.4
62.5
56.7
64.6
53.3
58.6
52.8
57.8
48.5
50.0
53.8
63.0
55.6
61.5
64.5
54.3
62.5
55.7
73.7
57.5
36.0
69.2
70.0
57.7
64.7
77.4
65.2
65.5
32.3
61.8
52.0
56.7
61.0
47.3
68.8
40.0
60.6
45.5
52.5
50.0
50.9
56.4
67.3
59.3
51.0
81.8
61.5
61.5
57.1
47.1
52.4
61.7
38.7
68.8
43.5
54.8
64.1
53.4
54.5
55.7
51.4
61.5
67.6
60.0
68.6
52.8
75.0
61.3
50.8
65.6
55.1
60.9
52.6
63.5
63.2
51.4
53.8
69.0
63.0
56.8
54.5
56.0
52.2
48.6
38.9
60.0
66.7
45.7
47.2
57.1
63.6
58.8
52.5
52.6
50.8
59.0
61.3
49.1
61.3
56.7
60.0
69.6
50.0
71.4
54.8
58.8
48.0
53.0
48.3
51.4
64.3
53.3
61.5
61.1
48.0
62.3
57.6
66.7
53.8
56.1
46.7
69.7
48.0
61.1
53.7
54.8
51.7
58.0
40.6
50.0
72.0
67.9
64.5
60.9
59.0
65.4
60.5
57.1
65.9
47.1
55.0
53.1
58.3
45.8
66.7
66.7
73.3
64.4
61.5
57.4
68.2
72.2
77.4
64.3
55.6
62.2
62.5
63.6
71.4
70.0
62.1
61.7
40.9
60.3
38.5
61.1
59.5
65.4
55.9
48.5
52.2
45.9
71.7
58.5
63.6
66.0
54.5
53.1
42.9
58.1
53.2
63.6
68.2
66.7
37.2
58.8
73.7
55.6
54.9
55.0
51.0
59.6
48.6
54.7
55.6
59.4
66.7
55.6
48.4
56.7
57.1
61.0
58.3
64.5
60.7
57.9
43.8
55.0
51.2
63.0
79.3
50.0
71.4
56.7
70.6
57.7
64.3
50.8
56.8
60.9
56.8
55.6
72.4
56.4
45.5
63.3
76.9
63.6
63.2
57.1
51.1
67.3
57.9
54.2
47.1
44.0
48.6
60.0
62.5
64.1
61.5
46.3
52.6
60.0
64.9
63.9
60.4
59.0
42.3
61.5
50.0
41.9
56.0
66.7
53.7
55.6
62.9
40.0
61.8
72.7
68.6
54.7
65.0
56.8
51.6
55.0
61.9
42.9
62.1
58.8
56.3
47.6
54.2
58.6
60.0
57.7
48.1
47.6
59.3
47.2
43.3
62.1
81.5
59.4
51.4
66.7
58.6
70.0
77.8
50.0
60.0
50.0
56.4
46.4
52.2
54.9
53.8
55.9
50.0
62.2
81.5
85.3
64.4
70.8
57.6
66.0
54.3
65.6
70.8
60.0
59.6
58.3
45.5
55.9
50.8
55.6
59.1
50.0
53.7
73.0
45.9
75.5
60.9
47.4
65.5
68.8
62.7
66.7
66.7
59.3
55.6
71.4
70.4
64.0
67.6
65.9
50.0
70.6
56.6
64.7
50.9
41.5
54.8
55.6
55.6
63.2
45.5
58.2
35.5
50.0
60.5
55.6
47.2
55.2
64.3
39.4
64.7
51.2
77.4
40.6
49.0
59.6
65.0
57.6
42.4
67.7
76.2
57.1
50.0
66.7
66.7
64.0
50.0
56.1
70.3
53.3
52.0
60.0
63.2
68.4
56.5
51.4
55.8
61.1
56.0
60.8
50.0
68.4
61.2
66.7
61.8
59.5
52.1
42.2
54.5
59.1
52.5
55.6
40.5
57.5
53.5
54.8
60.4
67.3
65.4
50.0
60.0
50.0
56.1
47.9
50.0
79.2
63.0
75.0
71.4
55.3
42.9
69.5
65.0
60.5
52.8
52.4
66.7
60.0
59.5
56.6
66.7
59.4
54.8
53.2
58.8
48.9
45.5
70.6
56.1
72.4
65.2
61.9
68.2
59.2
58.3
63.0
64.7
47.8
66.7
56.3
47.6
53.7
51.1
56.4
47.2
52.5
63.0
54.8
50.0
54.8
55.8
35.3
52.6
56.6
68.8
57.6
71.1
50.0
69.2
57.1
51.5
60.0
48.4
45.7
50.0
58.8
66.7
50.0
58.3
57.9
54.1
71.0
61.3
58.1
69.2
72.0
63.3
43.6
50.0
51.4
62.7
63.2
44.0
66.1
73.7
53.8
63.0
64.9
60.0
61.2
61.3
60.0
58.5
60.7
55.2
62.9
50.0
62.5
41.4
48.5
61.1
63.0
29.0
50.0
39.3
62.5
45.3
68.8
56.7
51.5
47.7
57.1
60.0
55.6
54.8
57.7
55.3
66.1
44.0
51.4
65.8
64.3
63.6
59.0
64.7
57.6
62.2
66.7
60.9
58.6
56.0
55.8
53.3
58.7
63.2
72.0
67.7
57.1
52.8
54.3
61.9
58.8
53.3
72.7
58.8
58.3
63.2
47.2
66.7
67.4
29.0
50.0
59.5
50.0
58.8
44.6
52.2
75.0
61.5
48.3
50.0
55.8
40.6
50.9
55.0
62.9
57.1
43.8
54.3
39.1
50.0
59.0
71.1
60.7
61.0
80.0
76.9
58.3
61.8
58.6
66.7
62.1
55.6
60.6
52.9
80.0
66.7
57.1
51.7
63.4
46.5
61.8
60.7
59.2
53.3
54.1
56.9
68.5
56.4
64.0
42.3
51.7
48.6
60.8
56.6
65.0
69.8
67.5
40.0
55.3
53.7
48.0
52.8
65.2
59.5
57.9
59.6
60.0
45.5
56.5
50.0
57.6
63.0
50.0
66.7
50.0
53.5
41.0
46.7
51.6
59.5
51.4
53.2
75.0
40.0
64.9
55.9
61.8
71.4
70.4
67.6
70.4
71.9
58.8
80.8
64.9
54.5
57.1
69.0
55.6
52.9
56.8
68.4
55.0
69.0
67.6
58.6
67.4
54.5
47.7
58.3
66.7
55.1
63.6
62.5
57.5
46.3
52.5
66.1
45.7
62.9
67.7
78.6
64.5
80.6
54.5
54.3
53.8
44.8
50.0
73.1
58.8
46.4
48.6
57.6
66.7
52.1
58.3
62.2
66.7
41.5
61.8
54.8
57.4
47.2
65.6
56.3
52.1
56.0
57.7
62.1
45.7
48.7
51.5
51.4
55.6
68.4
78.0
88.2
93.9
69.2
55.4
61.9
68.6
86.2
60.3
53.3
60.7
60.0
60.0
52.0
70.4
63.2
42.9
40.9
52.9
51.5
47.5
63.0
56.3
36.7
45.6
47.1
50.8
51.1
56.5
48.0
57.1
51.4
59.0
63.9
58.1
79.3
65.9
65.9
63.4
58.1
61.3
60.0
53.1
64.3
65.0
63.2
45.7
50.0
56.9
66.7
56.8
53.8
67.7
70.0
72.1
59.0
33.3
50.0
56.7
68.2
53.3
54.5
52.3
48.9
46.9
51.6
44.7
41.4
64.9
69.4
59.6
62.0
60.0
58.1
55.9
47.4
68.0
48.8
57.1
43.2
47.6
45.5
59.1
58.8
69.6
57.1
52.1
72.5
63.9
47.5
56.4
61.5
75.9
71.4
58.3
53.5
50.0
45.0
59.4
47.9
69.4
55.6
56.8
45.8
44.8
75.8
45.0
61.5
43.9
73.1
57.6
41.4
69.0
63.9
60.0
51.0
44.8
48.6
58.5
48.4
58.8
45.5
61.8
66.0
60.7
50.0
50.0
61.1
60.3
51.6
60.6
63.9
70.0
48.0
61.8
66.7
60.0
57.9
57.7
44.2
48.8
59.2
53.1
42.9
56.7
72.2
54.5
46.2
64.1
58.5
52.0
58.8
68.6
71.0
46.9
55.6
58.1
64.5
58.7
46.2
55.4
62.5
70.0
57.8
62.9
69.2
59.5
58.3
52.0
80.8
56.3
54.9
40.5
46.4
53.2
54.8
81.0
69.8
48.4
95.7
66.7
69.8
50.0
60.0
53.3
65.4
67.7
54.5
54.8
61.8
76.3
38.9
59.4
44.3
50.0
55.6
55.0
41.7
55.3
56.1
50.8
56.3
51.5
56.8
58.6
68.0
63.6
61.0
66.2
43.8
48.9
78.7
60.7
61.3
51.7
57.6
50.0
61.9
53.6
53.1
72.7
61.2
65.0
46.3
50.0
64.2
52.5
56.0
72.7
60.0
59.0
40.9
68.6
45.0
64.1
59.6
52.5
55.2
62.5
59.4
37.9
49.1
54.2
60.7
54.8
52.9
54.8
60.0
72.7
87.5
63.4
75.0
57.5
58.6
61.8
45.2
44.6
46.2
54.1
50.0
58.8
53.6
55.2
62.9
42.6
48.7
61.4
61.1
64.0
56.0
48.1
37.8
54.5
42.1
45.3
42.0
51.4
61.1
59.5
46.4
60.0
61.8
57.1
61.3
58.1
66.7
55.8
48.0
50.0
61.5
50.0
57.5
61.3
50.8
52.2
50.0
55.7
65.4
60.7
55.1
63.6
66.0
59.0
47.6
57.1
79.6
59.5
62.0
65.4
82.4
62.2
42.9
48.4
60.0
65.6
59.2
70.0
68.0
55.3
51.3
50.0
50.0
63.3
67.3
54.8
59.2
64.6
55.2
48.0
52.5
50.8
44.1
48.4
44.8
51.9
55.0
45.0
56.1
54.1
65.7
65.2
55.0
55.1
70.3
56.7
80.0
75.0
63.6
56.9
64.9
51.1
66.7
59.4
58.7
50.0
62.2
70.0
45.8
61.5
60.0
57.6
61.8
61.0
57.5
64.7
75.9
62.5
64.5
60.9
30.0
67.9
60.0
57.6
58.5
53.7
58.7
46.2
50.8
54.5
45.8
57.7
40.9
46.3
45.5
57.6
57.1
71.8
64.3
63.6
53.3
64.0
61.3
59.5
60.7
59.4
54.8
52.2
54.5
48.3
52.9
56.1
41.2
53.8
70.4
50.0
54.5
52.3
54.5
53.2
54.5
55.9
47.5
71.4
62.5
58.3
46.7
69.0
60.0
61.0
60.0
66.7
65.5
51.6
72.7
56.3
54.5
48.1
44.4
60.7
62.2
52.1
55.9
71.1
43.8
52.4
56.5
64.1
56.3
66.7
66.7
56.9
57.1
73.9
59.6
56.3
58.3
72.5
43.6
56.8
54.7
57.1
48.2
55.2
60.0
60.0
52.0
57.1
51.9
56.4
50.0
65.5
53.1
74.4
65.8
62.1
64.3
67.6
50.0
72.2
57.1
67.5
64.5
54.2
55.0
53.1
62.9
62.9
62.2
51.0
44.4
59.6
50.0
56.9
63.3
78.9
51.7
76.6
50.0
60.4
61.0
62.2
56.7
52.5
65.4
53.3
54.8
55.9
57.1
61.8
57.6
57.4
57.9
72.0
53.5
54.2
78.9
62.2
50.0
69.2
58.6
52.8
42.4
56.0
47.4
65.5
59.2
45.3
51.2
51.4
51.6
47.8
50.0
38.2
63.3
68.8
58.3
45.3
59.1
47.5
60.5
63.0
57.9
65.5
60.0
55.6
47.8
59.5
57.1
57.1
86.4
68.0
54.8
52.3
61.8
52.5
46.7
70.6
56.9
45.2
62.9
53.7
40.0
55.6
59.4
48.0
40.0
47.4
69.2
52.9
63.3
67.6
57.6
48.3
60.3
54.5
54.3
40.0
52.6
53.8
50.0
57.1
66.7
47.9
65.9
63.0
57.8
51.6
84.2
52.0
73.3
58.1
26.7
54.5
41.7
75.9
63.6
70.6
61.5
71.9
66.0
51.9
63.2
54.0
50.0
64.6
47.4
57.6
59.1
50.0
50.0
56.9
57.9
65.9
66.7
48.5
44.4
60.0
53.1
