50.0
80.0
68.0
61.9
50.0
72.7
68.3
62.5
43.5
83.3
72.7
72.4
69.0
44.1
55.6
70.0
51.0
47.2
53.1
65.6
61.0
60.0
52.8
70.4
54.2
73.3
61.9
48.0
68.3
55.3
52.4
64.7
66.7
49.0
73.5
60.4
62.2
50.0
56.5
50.0
65.4
44.2
59.3
57.9
46.2
53.1
51.5
47.8
57.4
61.0
55.0
57.6
60.5
65.6
58.2
61.1
65.5
57.1
66.7
60.0
61.3
55.2
52.0
55.6
53.7
66.0
72.0
80.9
59.5
47.1
63.6
74.2
61.5
65.2
58.3
70.7
62.2
72.2
80.4
68.8
63.2
54.5
52.3
69.7
62.8
45.5
53.3
58.8
56.3
68.8
50.0
48.3
41.5
54.3
55.0
76.7
52.8
59.5
64.3
46.7
53.2
41.2
56.6
55.2
59.5
45.9
54.8
51.7
58.9
47.8
56.4
57.9
68.0
57.1
58.6
50.0
62.9
50.0
63.2
52.8
38.1
59.6
75.0
66.7
45.9
61.9
42.9
47.2
69.4
69.8
62.2
62.9
58.1
52.4
59.3
100.0
80.6
69.6
76.9
82.9
114.3
93.5
58.3
42.9
54.5
64.1
63.9
65.2
77.5
52.8
39.4
51.6
45.5
50.0
74.4
67.9
52.6
55.8
61.5
63.6
65.8
48.6
58.6
59.6
62.8
42.1
70.0
70.2
69.0
57.1
60.0
62.5
53.6
55.9
54.3
50.0
53.2
43.9
58.1
61.5
51.4
46.5
65.7
66.1
66.1
128.6
74.1
95.3
54.3
67.6
53.3
67.2
62.5
60.0
70.3
59.5
70.4
66.7
61.1
65.5
59.3
55.9
53.1
61.8
54.2
47.2
72.3
115.8
57.9
66.7
66.7
62.5
52.9
58.5
55.0
57.9
59.1
48.6
63.3
68.2
50.0
47.6
69.4
62.5
66.0
58.8
57.1
81.0
59.0
46.0
67.8
66.7
68.8
59.5
68.0
44.0
55.6
52.8
56.4
59.4
65.0
64.3
66.7
61.0
65.9
62.1
60.0
48.0
45.0
54.3
51.6
67.7
51.1
40.7
52.8
66.0
55.2
64.4
67.6
63.6
75.0
47.5
56.4
69.0
62.7
55.3
60.6
62.9
74.5
40.5
59.4
55.2
57.9
61.5
57.1
67.7
72.0
59.5
54.2
38.5
64.7
64.5
61.9
76.2
60.8
51.2
63.2
65.1
54.5
65.4
73.7
66.7
66.7
74.2
59.5
66.7
71.7
63.4
58.6
74.5
70.8
67.7
50.8
64.1
54.1
58.1
57.4
54.5
44.4
51.4
50.8
47.1
56.1
56.4
61.5
65.6
59.5
63.6
51.5
67.7
65.6
56.8
73.3
64.5
60.0
60.0
68.4
48.6
61.8
71.4
54.8
70.4
53.1
60.0
69.2
75.0
50.8
51.7
69.0
59.0
52.3
54.5
47.7
65.6
51.4
60.5
53.6
60.0
60.0
41.7
63.6
36.1
57.1
38.2
64.5
58.1
59.6
44.0
57.8
50.0
58.3
37.5
65.6
45.5
62.1
63.4
60.9
72.4
61.0
64.5
60.6
57.1
52.2
57.1
52.4
76.0
50.0
59.3
54.8
58.6
60.0
51.6
65.2
71.7
73.7
60.5
48.1
93.1
75.7
56.3
51.6
60.0
57.1
53.6
39.5
54.8
48.6
55.9
60.0
45.0
50.0
62.3
55.6
54.3
57.5
52.1
70.6
73.9
82.5
54.3
74.4
67.7
72.3
41.7
51.4
73.7
60.7
50.0
61.0
60.7
68.6
51.4
46.8
50.0
42.1
42.6
61.5
58.0
73.9
57.1
59.0
50.0
62.5
64.3
64.3
55.8
59.5
69.0
47.6
47.4
54.5
53.6
52.3
61.2
68.8
50.0
42.9
55.6
56.0
52.0
79.5
75.0
45.7
58.1
50.8
64.0
53.3
51.6
62.2
71.4
73.5
45.2
58.5
48.7
53.4
51.4
63.6
59.3
60.7
43.9
58.8
66.7
50.0
46.8
55.0
55.1
45.7
31.6
64.0
52.6
57.1
63.2
50.0
53.3
55.3
37.8
48.1
62.1
57.4
60.0
72.7
63.3
50.0
59.5
45.0
65.5
54.1
55.9
60.9
43.1
72.2
70.0
50.0
47.8
48.6
61.5
65.2
63.3
61.1
42.9
53.3
41.2
54.5
64.5
56.8
64.9
77.8
47.5
47.2
48.6
65.5
63.9
56.0
58.6
62.0
52.6
56.9
63.0
58.8
50.0
50.0
42.4
52.3
56.0
47.5
36.8
68.2
44.4
67.6
54.8
56.7
66.7
58.8
53.1
54.0
63.3
71.4
43.1
46.3
47.6
64.3
73.5
60.6
66.7
54.2
58.3
61.8
53.8
52.9
51.7
57.1
55.6
59.4
63.6
53.3
47.8
75.8
66.1
66.7
53.3
100.0
54.2
69.0
63.6
83.3
66.7
80.8
79.2
69.2
56.3
70.2
65.9
64.1
56.5
65.1
57.5
62.5
45.2
57.1
53.5
62.5
55.2
52.8
63.8
66.7
48.5
61.4
54.5
65.0
50.0
80.0
74.3
61.8
72.2
58.2
60.0
69.2
57.6
68.5
59.1
48.0
55.9
56.7
63.3
53.6
55.6
57.9
59.1
48.8
74.1
41.4
55.1
65.2
52.9
56.7
56.5
61.4
60.6
57.5
46.3
71.4
56.8
75.0
55.3
52.3
50.0
53.5
46.7
68.5
60.7
73.5
60.0
66.7
71.4
60.4
46.7
36.0
51.9
44.4
68.3
73.5
50.0
55.6
43.9
44.4
68.8
27.0
48.5
67.6
56.7
51.2
60.0
66.7
62.1
61.1
44.1
60.6
43.5
63.9
61.0
65.6
62.5
67.6
52.8
75.0
71.4
46.9
73.0
59.6
52.2
49.1
62.8
59.4
51.5
57.1
55.6
60.3
71.4
51.4
35.1
53.7
41.4
46.9
41.9
59.5
53.6
54.2
56.8
61.9
62.3
46.9
30.0
50.0
56.9
50.0
53.8
38.9
59.4
56.3
40.6
75.0
78.9
75.0
53.3
65.1
65.5
62.9
60.8
51.4
62.2
63.9
66.7
52.9
82.8
59.2
59.4
64.5
58.8
59.0
65.1
52.9
58.5
76.3
53.3
62.3
74.2
69.4
63.0
68.4
55.6
52.6
67.6
54.7
51.3
53.7
79.2
65.5
68.8
73.1
80.6
62.5
45.8
54.5
56.6
55.6
71.0
51.4
66.7
66.7
72.4
53.4
65.4
60.7
61.1
58.6
63.6
45.9
54.5
54.2
50.0
69.2
57.1
48.6
51.5
57.6
56.0
70.0
72.0
57.1
48.5
53.3
62.2
52.8
47.4
58.9
61.3
65.2
52.0
64.5
47.5
56.3
55.0
47.4
43.8
65.6
60.0
59.4
60.0
63.6
56.1
53.1
59.3
58.1
58.5
63.4
59.3
60.0
50.0
63.6
64.9
59.0
57.4
71.1
45.1
52.9
43.2
53.8
50.0
52.8
56.1
63.4
63.6
66.7
61.1
63.6
74.1
65.6
35.7
54.8
52.0
51.3
71.4
61.3
50.0
60.0
40.0
52.6
58.6
60.5
77.8
40.6
54.2
44.8
76.5
64.9
59.1
53.3
56.9
62.7
47.7
57.1
62.5
46.4
55.9
60.5
64.3
50.0
52.4
59.5
46.7
68.3
48.9
50.0
70.6
64.9
52.9
58.5
60.0
57.1
47.2
84.0
93.8
61.0
69.4
63.6
81.4
58.8
44.8
46.9
80.0
59.4
67.6
62.0
63.2
47.8
53.7
61.1
54.2
51.9
54.3
52.2
46.9
45.5
41.3
70.6
57.1
58.8
62.3
50.0
62.7
70.8
53.3
51.1
41.7
47.5
50.9
61.0
76.0
58.1
41.9
56.1
66.7
62.7
66.7
75.0
52.0
61.3
59.5
64.1
48.6
55.6
62.5
61.4
62.5
71.4
54.5
62.5
55.0
57.9
53.3
62.5
56.0
76.7
59.5
64.9
57.6
67.5
62.5
58.3
93.3
50.0
57.6
57.8
57.1
71.4
39.3
69.2
68.6
44.4
64.7
51.7
54.2
75.0
51.1
69.4
56.0
70.3
61.5
53.1
55.9
64.5
66.7
65.5
71.0
76.7
56.8
65.0
49.2
62.2
58.3
70.0
70.8
55.3
58.5
67.9
61.1
62.2
51.2
61.8
76.3
61.5
70.0
55.6
74.1
57.6
68.2
58.1
60.6
56.4
48.4
52.9
67.9
52.5
56.8
56.0
59.1
45.1
64.1
62.5
51.6
41.4
66.7
76.2
42.9
60.8
40.5
57.9
50.0
56.3
43.6
46.7
80.0
52.8
44.4
50.0
70.0
58.7
53.3
50.0
52.9
53.5
58.1
53.3
40.7
47.1
63.6
51.4
57.6
64.7
58.8
58.8
63.8
49.2
59.3
71.4
65.0
65.5
51.6
58.9
50.0
51.4
50.0
57.6
72.4
60.5
60.5
52.9
63.6
65.3
57.1
47.6
65.3
63.9
54.9
63.3
91.2
46.7
57.4
60.7
59.3
75.7
54.1
91.4
56.3
77.6
70.0
71.4
66.0
62.1
58.5
52.6
62.9
55.6
51.2
62.5
75.0
54.1
58.1
69.1
64.7
58.6
55.9
71.4
52.9
47.1
48.5
65.0
52.9
52.7
77.8
64.1
51.6
68.8
46.7
71.4
53.2
45.0
52.3
56.0
75.0
63.9
44.4
61.5
52.5
57.1
55.3
95.2
54.2
76.0
59.4
53.6
63.6
61.5
50.0
57.6
58.1
60.6
72.7
74.2
54.5
42.1
52.8
61.0
71.1
70.8
47.4
54.7
66.7
66.7
69.2
55.9
71.1
70.4
52.6
61.5
61.9
55.9
65.5
51.1
62.2
69.2
51.2
52.5
58.8
51.6
100.0
57.7
66.7
45.5
51.4
76.6
60.0
45.2
58.5
51.2
40.0
63.0
48.8
61.1
55.9
58.8
68.0
51.2
75.9
34.4
54.2
60.0
47.8
43.9
48.4
59.0
58.6
44.1
50.0
72.7
59.5
38.9
48.6
58.1
58.6
59.3
56.1
50.0
48.3
60.5
58.5
51.4
41.9
58.5
53.3
56.0
63.2
48.3
56.5
75.0
57.1
50.0
52.9
48.4
52.5
67.6
68.0
46.4
62.5
65.5
60.0
59.5
59.0
48.1
75.0
69.0
57.6
43.3
55.3
54.8
57.6
58.3
56.4
57.7
54.3
55.1
42.9
60.4
56.7
68.8
60.0
69.0
55.6
57.8
54.5
44.0
61.5
55.6
52.8
73.1
58.1
57.1
59.4
67.2
73.7
70.0
48.0
79.5
70.0
57.7
67.6
83.9
65.2
65.5
41.9
70.6
52.0
63.3
63.4
54.5
56.3
40.0
57.6
45.5
55.9
50.0
50.9
61.8
58.2
64.8
53.1
81.8
65.4
66.7
52.4
41.2
54.0
60.0
41.9
68.8
47.8
58.1
71.8
51.7
63.6
62.3
51.4
65.4
73.5
57.5
65.7
61.1
85.0
59.7
52.5
75.0
53.1
95.7
57.9
60.8
68.4
59.5
53.8
72.4
63.0
64.9
52.3
64.0
56.7
64.9
47.2
66.7
66.7
57.1
44.4
57.1
61.8
58.8
52.5
52.6
52.5
59.0
61.3
49.1
64.5
60.0
57.1
71.7
50.0
67.9
52.4
58.8
64.0
53.0
58.6
56.8
64.3
53.3
64.1
72.2
44.0
65.6
60.6
60.6
53.8
58.5
55.6
72.7
52.0
63.9
55.6
54.8
55.2
54.0
43.8
53.7
76.0
67.9
67.7
60.9
61.5
76.9
68.4
64.3
70.5
47.1
51.7
53.1
66.7
58.3
64.1
70.4
93.3
64.4
63.5
59.3
65.9
77.8
71.0
69.6
58.3
64.9
70.8
66.7
69.0
72.0
58.6
61.7
40.9
60.3
42.3
58.3
64.9
73.1
52.9
47.0
56.5
51.4
82.6
56.1
69.7
71.7
45.5
56.3
47.6
67.7
48.9
72.7
72.7
71.8
39.5
64.7
94.7
52.8
54.9
55.0
53.1
63.8
42.9
54.7
55.6
59.4
77.1
63.0
51.6
66.7
51.4
62.7
66.7
66.1
64.3
57.9
46.9
55.0
48.8
63.0
69.0
50.0
76.2
60.0
73.5
57.7
71.4
57.6
54.1
60.9
50.0
63.0
79.3
51.3
39.4
66.7
76.9
66.7
60.5
57.1
53.3
63.3
55.3
59.3
41.2
52.0
51.4
54.3
62.5
66.7
71.8
51.2
50.0
60.0
70.3
63.9
62.5
61.5
46.2
69.2
51.8
51.6
64.0
59.5
51.2
51.9
65.7
42.9
64.7
66.7
68.6
49.1
57.5
59.5
48.4
55.0
61.9
45.7
58.6
67.6
56.3
52.4
60.4
56.9
60.0
63.5
51.9
52.4
66.7
50.0
40.0
69.0
85.2
63.8
48.6
63.6
69.0
71.7
77.8
54.5
63.3
47.4
66.7
50.0
54.3
60.8
48.7
61.8
55.0
78.4
85.2
82.4
62.2
81.3
60.6
61.7
57.1
68.8
66.7
60.0
61.7
55.6
39.4
55.9
45.8
51.9
56.8
50.0
57.4
64.9
40.5
77.4
69.6
47.4
58.6
75.0
70.6
66.7
72.2
61.0
57.4
85.7
66.7
68.0
81.1
70.5
56.3
76.5
54.7
64.7
49.1
39.0
54.8
55.6
55.6
63.2
50.0
61.8
35.5
47.5
65.8
51.1
45.3
58.2
85.7
45.5
60.8
41.9
83.9
46.9
49.0
53.8
58.3
69.7
51.5
64.5
66.7
57.1
55.0
68.5
71.4
64.0
46.7
56.1
67.6
51.1
52.0
70.0
71.9
65.8
60.9
65.7
51.9
66.7
64.0
52.9
58.3
76.3
63.3
72.7
61.8
73.0
60.4
39.1
50.0
54.5
50.0
61.1
35.7
62.5
51.2
51.6
62.3
72.7
65.4
52.5
60.0
50.0
53.7
45.8
56.3
86.8
64.8
70.8
69.4
52.6
40.0
74.6
80.0
67.4
61.1
57.1
75.0
67.5
64.3
56.6
71.4
62.5
58.1
51.1
58.8
40.0
39.4
73.5
56.1
75.9
69.6
66.7
63.6
59.2
55.6
63.0
72.5
43.5
73.3
62.5
50.8
51.2
57.8
56.4
47.2
57.6
55.6
52.4
52.9
61.9
53.5
41.2
59.6
64.2
75.0
60.6
73.7
50.0
73.1
48.6
51.5
58.3
45.2
51.4
41.7
50.0
69.2
45.0
64.6
59.6
59.5
74.2
58.1
65.1
71.8
76.0
66.7
48.7
54.3
59.5
66.7
57.9
48.0
62.9
84.2
59.0
59.3
67.6
51.1
67.3
74.2
60.0
48.8
57.4
51.7
65.7
50.0
59.4
48.3
48.5
52.8
51.9
32.3
47.5
46.4
70.0
47.2
60.9
56.7
60.6
52.3
53.6
58.2
51.9
51.6
57.7
55.3
64.4
44.0
51.4
60.5
71.4
60.6
62.3
55.9
62.7
54.1
69.7
52.2
58.6
64.0
57.7
73.3
60.3
63.2
84.0
71.0
59.5
58.3
62.9
61.9
58.8
53.3
69.7
58.8
63.9
55.3
50.0
66.7
67.4
25.8
55.0
64.9
54.3
58.8
48.2
52.2
79.2
61.5
37.9
55.6
53.5
43.8
49.1
65.0
61.3
57.1
43.8
56.5
43.5
57.5
59.0
73.7
66.1
70.7
86.7
80.8
56.3
61.8
63.8
80.0
62.1
51.9
60.6
60.8
80.0
63.9
50.0
55.2
63.4
51.2
61.8
53.6
61.2
56.7
56.8
52.3
74.1
53.8
56.0
42.3
58.6
51.4
64.7
66.0
60.0
69.8
60.0
40.0
63.8
53.7
52.0
58.3
69.6
59.5
60.5
59.6
65.0
41.8
58.1
47.2
60.6
59.3
50.0
61.1
52.4
55.8
41.0
53.3
56.5
64.9
57.1
57.4
80.0
40.0
59.6
55.9
61.8
71.4
59.3
70.6
74.1
71.9
61.8
88.5
59.6
60.6
61.9
69.0
55.6
50.0
59.5
68.4
55.0
76.2
73.0
55.2
65.2
45.5
52.3
63.3
66.7
51.0
54.5
62.5
60.0
46.3
50.8
73.2
54.3
74.3
64.5
82.1
61.3
80.6
56.1
60.0
66.7
41.4
52.5
69.2
61.8
53.6
56.8
60.6
66.7
52.1
58.3
60.0
74.4
41.5
58.8
77.4
59.6
44.4
56.3
62.5
47.9
52.0
61.5
60.3
48.6
43.6
54.5
59.5
55.6
63.2
84.0
100.0
93.9
73.1
64.3
69.0
80.0
93.1
58.6
53.3
57.1
65.7
64.0
52.0
63.0
60.5
42.9
40.9
47.1
51.5
45.0
57.4
56.3
43.3
52.9
47.1
50.8
46.7
60.9
52.0
53.6
45.7
55.7
63.9
58.1
93.1
72.7
70.7
73.2
71.0
62.9
65.0
65.6
64.3
75.0
55.3
47.8
57.5
58.5
66.7
56.8
59.0
71.0
76.7
74.4
59.0
47.6
46.9
56.7
65.9
62.2
57.6
54.5
53.2
46.9
61.3
52.6
44.8
59.5
75.0
57.4
64.0
65.7
58.1
47.1
52.6
68.0
53.5
57.1
43.2
55.6
63.6
61.4
58.8
65.2
52.4
62.5
67.5
55.6
44.3
63.6
59.0
79.3
75.0
63.9
55.8
52.9
45.0
59.4
43.8
69.4
57.4
59.5
50.0
46.3
81.8
42.5
65.4
48.8
96.2
63.6
44.8
72.4
66.7
62.9
59.2
41.4
51.4
56.1
45.2
61.8
45.5
55.9
62.0
57.1
60.0
46.4
61.1
58.6
58.1
63.6
58.3
65.0
52.0
61.8
59.0
53.3
52.6
61.5
44.2
46.3
67.3
57.1
46.4
63.3
75.0
63.6
50.0
69.2
61.0
64.0
61.8
74.3
77.4
64.1
58.3
64.5
71.0
67.4
42.3
60.7
58.3
73.3
57.8
71.4
69.2
59.5
62.5
60.0
80.8
59.4
52.9
42.9
60.7
57.4
54.8
81.0
79.1
48.4
100.0
66.7
72.1
58.7
57.1
55.0
61.5
71.0
50.0
54.8
67.3
78.9
33.3
65.6
45.9
47.2
58.3
65.0
37.5
55.3
48.8
46.0
50.0
51.5
59.5
58.6
64.0
66.7
51.2
64.6
40.6
46.7
76.6
67.9
64.5
72.4
51.5
51.7
61.9
51.8
53.1
72.7
63.3
67.5
46.3
44.1
64.2
45.9
60.0
90.9
56.0
64.1
47.7
74.3
45.0
65.6
59.6
47.5
58.6
64.6
53.1
48.3
50.9
57.6
57.1
54.8
55.9
52.4
64.4
81.8
106.3
68.3
75.0
55.0
67.2
58.8
48.4
46.4
46.2
48.6
46.4
58.8
50.0
55.2
62.9
50.8
48.7
54.4
61.1
64.0
56.0
51.9
35.1
66.7
47.4
47.2
40.0
54.1
63.0
64.9
46.4
60.0
64.7
60.3
64.5
64.5
68.3
65.1
56.0
42.9
53.8
56.9
57.5
67.7
52.3
52.2
50.0
54.1
65.4
59.0
55.1
81.8
66.0
61.5
54.8
52.4
85.2
64.9
70.0
73.1
92.2
64.9
45.7
43.8
63.3
56.3
65.3
70.0
68.0
57.4
48.7
46.4
50.0
73.5
75.0
54.8
63.3
77.1
51.7
48.0
67.5
57.6
44.1
58.1
55.2
51.9
52.5
50.0
61.4
57.4
71.4
65.2
60.0
55.1
67.6
60.0
93.3
75.0
69.7
58.8
64.9
53.2
66.7
62.5
67.4
43.5
64.9
90.0
45.8
56.4
67.5
69.7
67.3
69.5
65.0
61.8
96.6
68.8
64.5
59.4
35.0
64.3
60.0
57.6
52.3
53.7
58.7
47.7
52.3
60.6
50.0
53.8
40.9
46.3
42.4
63.6
62.9
74.4
64.3
57.6
50.0
66.0
54.8
61.9
64.3
58.0
69.0
60.9
59.1
55.2
47.1
58.5
50.0
61.5
59.3
42.9
60.6
52.3
56.8
59.6
45.5
50.8
52.5
71.4
62.5
58.3
50.0
70.7
56.7
62.7
62.9
70.0
65.5
58.1
57.6
57.8
50.0
48.1
44.4
53.6
56.8
50.0
52.9
73.7
53.1
47.6
63.0
69.2
56.3
74.5
58.3
69.2
66.7
87.0
68.1
56.3
63.9
86.3
48.7
62.2
59.4
57.1
50.0
55.2
60.0
52.5
52.0
57.1
48.1
52.7
50.0
51.7
53.1
67.4
68.4
67.2
61.9
70.6
47.6
72.2
52.4
67.5
61.3
52.1
55.0
50.0
65.7
65.7
59.5
47.1
40.7
61.5
60.0
56.9
63.3
86.8
51.7
85.1
50.0
66.0
58.5
59.5
56.7
52.5
65.4
56.7
61.3
61.8
64.3
65.5
66.7
55.3
55.3
80.0
48.8
55.9
73.7
67.6
54.5
65.4
58.6
47.2
36.4
58.0
55.3
65.5
55.1
49.1
53.5
60.0
45.2
43.3
44.4
38.2
60.0
62.5
52.8
41.5
54.5
49.2
60.5
59.3
55.3
69.0
56.0
55.6
45.7
64.3
57.1
69.0
100.0
68.0
64.3
61.4
61.8
54.2
46.7
76.5
54.9
45.2
57.1
53.7
36.7
52.8
56.3
48.0
46.7
47.4
66.7
54.9
55.1
67.6
57.6
50.0
58.6
54.5
58.7
40.0
55.3
59.0
55.0
51.4
66.7
54.2
68.2
63.0
55.6
50.0
89.5
50.0
76.7
54.8
40.0
52.3
45.8
72.4
66.7
66.7
61.5
68.8
71.7
51.9
60.5
55.6
45.8
62.5
50.9
54.5
65.9
54.2
60.0
56.9
73.7
70.5
68.8
42.4
44.4
55.0
43.8
