28.8
40.0
15.4
35.1
33.3
42.3
21.2
18.8
44.8
25.7
37.3
44.4
37.5
6.3
37.5
20.8
17.1
29.4
30.0
33.3
40.6
39.6
36.0
34.2
33.3
30.6
22.9
31.7
34.6
41.5
16.7
34.4
45.5
33.3
30.6
25.6
17.2
26.1
28.9
30.0
24.4
44.8
41.0
16.7
34.6
25.0
23.8
29.4
29.4
16.0
41.2
33.3
38.7
29.4
34.1
18.8
33.3
33.3
47.4
18.2
27.3
36.7
26.9
32.6
36.1
16.7
28.1
44.4
30.4
45.5
32.7
38.5
25.0
32.3
38.3
41.4
23.3
29.3
32.0
20.6
32.8
29.4
44.8
14.7
28.1
25.0
40.7
5.0
44.7
45.8
43.5
34.8
32.3
39.7
60.0
35.1
50.0
42.1
35.7
28.9
20.0
33.3
47.7
29.4
44.0
23.8
31.7
25.9
39.1
35.7
32.6
30.0
36.4
46.9
36.2
43.3
36.4
40.0
43.8
20.9
25.5
28.6
26.3
30.8
22.2
32.6
44.0
25.8
30.2
43.2
34.6
8.3
26.1
28.6
26.8
18.8
26.1
22.2
22.9
28.3
24.0
32.2
29.4
29.5
20.0
42.1
33.3
20.5
19.4
25.7
23.1
40.0
21.6
26.7
30.4
43.8
19.0
19.4
18.8
26.5
30.8
22.9
30.3
32.4
21.2
36.1
41.2
19.2
15.4
37.3
32.1
21.4
46.9
28.9
39.6
23.1
36.8
24.2
29.6
27.0
22.2
26.2
32.6
27.8
22.9
