50.0
75.0
64.0
54.8
50.0
57.6
57.1
65.6
43.5
66.7
66.7
75.9
48.3
38.2
50.0
73.3
55.1
38.9
62.5
59.4
63.4
50.0
52.8
44.4
41.7
60.0
61.9
46.0
63.3
57.9
46.0
70.6
56.3
51.0
52.9
56.6
59.5
61.5
53.6
47.5
69.2
34.9
44.4
52.6
46.2
53.1
45.5
39.1
42.6
53.7
50.0
51.5
42.1
59.4
52.7
38.9
63.6
39.3
50.0
70.0
58.1
51.7
48.0
63.0
48.8
56.6
68.0
68.1
56.8
55.9
54.5
67.7
53.8
67.4
66.7
60.3
66.7
63.9
72.5
68.8
63.2
50.0
56.8
69.7
62.8
50.0
66.7
73.5
47.9
65.6
38.2
56.7
36.6
54.3
50.0
70.0
58.3
54.1
57.1
48.9
46.8
47.1
50.9
58.6
54.1
45.9
51.6
48.3
51.8
34.8
56.4
52.6
66.0
57.1
58.6
43.8
57.1
54.2
71.9
36.1
42.9
55.3
59.1
46.7
54.1
61.9
52.4
44.4
63.9
39.5
62.2
50.0
53.5
38.1
52.5
60.5
44.4
60.9
46.2
42.9
92.9
77.4
58.3
38.1
50.0
59.0
55.6
58.7
65.0
43.4
36.4
35.5
45.5
39.1
72.1
60.7
42.1
51.2
65.4
66.7
63.2
51.4
48.3
40.4
48.8
28.9
70.0
61.4
62.1
54.8
55.0
70.8
57.1
52.9
48.6
55.9
37.1
34.1
58.1
57.7
43.2
39.5
62.9
66.1
64.4
123.8
59.3
102.3
54.3
61.8
61.7
70.5
54.2
68.0
62.2
59.5
55.6
66.7
50.0
52.7
47.5
41.2
44.9
61.8
52.1
55.6
63.8
84.2
63.2
73.3
90.5
62.5
41.2
65.9
52.5
49.1
59.1
54.1
43.3
77.3
34.6
61.9
49.0
50.0
63.8
44.1
50.0
66.7
56.4
44.0
50.8
41.7
53.1
62.2
56.0
36.0
51.9
47.2
51.3
62.5
62.5
50.0
66.7
65.9
53.7
51.7
61.8
54.0
35.0
40.0
54.8
54.8
60.0
37.0
52.8
64.0
55.2
66.7
55.9
54.5
62.5
47.5
51.3
69.0
54.2
57.4
42.4
48.6
68.1
43.2
56.3
53.4
50.9
61.5
76.2
64.5
72.0
40.5
52.1
23.1
62.7
51.6
71.4
66.7
47.1
46.3
31.6
60.5
48.5
46.2
55.3
54.2
47.1
61.3
54.1
70.0
68.3
61.0
62.1
76.4
70.8
54.8
49.2
61.5
48.6
48.4
44.7
45.5
53.3
56.8
47.6
58.8
61.0
46.2
42.3
50.0
32.4
39.4
48.5
58.1
54.1
67.6
70.0
61.3
62.2
56.0
61.4
48.6
67.6
71.4
51.6
55.6
59.4
66.7
46.2
69.4
47.7
41.4
51.7
56.4
56.8
54.5
52.3
65.6
43.2
52.6
64.3
51.1
42.2
50.0
57.6
33.3
51.8
41.2
61.3
45.2
48.9
44.0
53.1
39.5
50.0
21.9
59.4
45.5
65.5
73.2
52.2
62.1
63.4
59.7
51.5
53.1
69.6
54.8
50.8
68.0
50.0
59.3
47.6
34.5
52.0
48.4
65.2
67.4
73.7
51.2
63.0
86.2
59.5
43.8
50.0
50.0
66.7
51.8
50.0
54.8
60.0
44.1
50.0
40.0
53.7
52.8
63.0
54.3
57.5
54.2
64.7
69.6
55.0
58.7
59.0
71.0
59.6
50.0
51.4
73.7
53.6
59.4
68.3
60.7
57.1
60.0
53.2
50.0
68.4
53.2
30.8
58.0
58.7
51.4
56.4
46.4
41.1
57.1
52.4
48.8
45.2
55.2
52.4
47.4
54.5
50.0
40.9
63.3
56.3
43.3
50.0
50.0
64.0
48.0
52.3
42.9
71.4
53.5
52.5
56.0
55.0
51.6
43.2
76.2
55.9
41.9
54.7
51.3
51.7
37.8
42.4
37.0
50.0
36.6
55.9
50.0
50.0
36.2
42.5
30.6
50.0
28.9
72.0
57.9
52.4
60.5
46.4
40.0
46.8
43.2
37.0
58.6
45.9
48.9
61.4
53.3
55.6
61.9
53.3
58.6
54.1
58.8
56.5
47.1
55.6
56.0
53.8
56.5
54.1
57.7
60.9
63.3
55.6
51.4
53.3
47.1
56.4
71.0
40.9
48.6
63.0
52.5
50.0
56.8
63.6
58.3
56.0
69.0
60.0
52.6
47.7
54.3
58.8
56.3
43.3
48.5
50.0
52.0
39.3
42.1
61.4
44.4
67.6
38.7
33.3
56.4
50.0
50.0
42.0
56.7
66.7
41.2
56.1
54.8
71.4
76.5
66.7
61.1
75.0
50.0
54.5
51.3
50.0
31.7
57.1
41.7
40.6
68.2
46.7
52.2
63.6
64.3
58.8
63.3
83.9
54.2
51.7
56.8
70.0
50.0
73.1
72.9
65.4
81.3
61.7
61.0
59.0
56.5
65.1
47.5
68.8
38.1
66.7
51.2
48.2
48.3
44.4
55.3
48.7
54.5
61.4
54.5
65.0
69.2
74.3
45.7
50.0
61.1
50.9
56.0
59.6
48.5
55.6
59.1
40.0
35.3
70.0
66.7
53.6
38.9
42.1
56.8
51.2
44.4
41.4
61.2
52.2
47.1
55.0
45.7
56.8
48.5
55.0
36.6
59.5
56.8
68.8
51.1
52.3
50.0
58.1
40.0
68.5
64.3
61.8
52.5
69.7
60.7
50.0
36.7
36.0
55.6
38.9
48.8
67.6
55.2
46.7
41.5
38.9
75.0
29.7
51.5
44.1
50.7
44.2
60.0
53.7
62.1
55.6
38.2
57.6
43.5
41.7
58.5
63.9
67.9
47.1
58.3
75.0
66.7
55.1
51.4
52.6
56.5
50.9
46.5
62.5
60.6
62.9
52.8
56.9
54.3
40.0
38.6
39.0
37.9
38.8
35.5
47.6
64.3
50.0
56.8
45.2
50.9
31.3
26.7
53.1
53.4
50.0
48.1
44.4
59.4
62.5
46.9
62.5
78.9
50.0
60.0
67.4
63.6
71.4
47.1
40.0
75.7
63.9
51.3
55.9
65.5
34.7
50.0
51.6
52.9
50.8
60.5
64.7
55.4
57.9
60.0
62.3
71.0
58.3
58.7
68.4
52.4
57.9
61.8
46.9
53.8
53.7
50.0
51.7
68.8
57.7
77.8
59.4
33.3
40.9
58.5
44.4
74.2
43.2
45.8
66.7
41.4
62.1
61.5
60.7
61.1
69.0
66.7
51.4
57.6
55.9
43.2
69.2
53.6
37.8
45.5
48.5
48.0
58.3
68.0
57.1
60.6
70.0
48.6
58.3
55.3
58.9
45.2
47.8
32.0
58.1
40.0
46.9
45.0
54.4
37.5
65.6
55.0
53.1
62.5
60.6
49.1
50.0
48.1
51.2
56.1
48.8
51.9
48.0
34.2
65.9
51.4
51.3
61.7
57.9
39.2
55.9
64.9
57.7
50.0
63.9
46.3
70.7
47.7
45.5
61.1
50.0
55.6
62.5
57.1
47.6
48.0
48.7
57.1
43.5
55.8
55.0
50.0
39.5
44.8
65.8
61.1
43.8
58.3
65.5
76.5
59.5
59.1
56.7
52.3
50.8
56.8
57.1
58.3
46.4
47.1
44.2
57.1
37.5
38.1
56.8
33.3
63.4
46.7
68.8
58.8
59.5
55.9
51.2
50.9
54.3
41.5
68.0
81.3
66.1
61.2
72.7
79.1
52.9
55.2
51.6
65.0
47.8
67.6
64.0
60.5
43.5
51.2
50.0
47.9
48.1
37.0
45.7
46.9
47.7
28.3
56.9
57.1
58.8
67.9
54.8
58.8
60.4
46.7
38.3
50.0
37.5
45.5
39.0
56.0
54.8
41.9
54.4
63.6
61.0
46.7
54.2
44.0
74.2
62.2
61.5
45.9
50.0
62.5
56.8
52.5
64.3
45.5
62.5
52.5
59.6
40.0
66.7
40.0
70.0
59.5
51.4
39.4
65.0
65.0
52.8
63.3
50.0
42.4
53.1
60.7
66.7
39.3
61.5
62.9
55.6
55.9
37.9
33.3
56.3
40.4
44.4
50.0
67.6
53.8
50.0
50.0
74.2
60.4
69.0
51.6
60.0
43.2
63.3
49.2
56.8
55.6
75.0
83.3
50.0
53.7
54.7
58.3
53.3
46.3
47.1
60.5
53.8
45.0
60.0
63.0
42.4
50.0
48.4
45.5
48.7
54.8
41.2
60.7
50.8
40.5
48.0
27.3
45.1
30.8
62.5
51.6
34.5
60.0
66.7
47.6
43.1
47.6
65.8
51.9
52.1
43.6
53.3
64.0
58.3
40.0
53.8
60.0
54.0
60.0
52.4
50.0
48.8
58.1
50.0
44.4
47.1
52.7
40.5
57.6
61.8
55.9
67.6
58.6
47.5
63.0
48.6
70.0
75.9
54.8
64.3
45.8
51.4
61.1
69.7
69.0
60.5
55.3
47.1
50.0
61.2
75.0
47.6
69.4
44.4
45.1
63.3
73.5
43.3
51.1
50.0
51.9
70.3
56.8
82.9
50.0
62.1
56.7
76.2
50.0
53.0
61.0
52.6
60.0
49.2
41.5
62.5
67.9
48.6
45.2
70.9
70.6
58.6
38.2
76.2
58.8
38.2
60.6
60.0
52.9
49.1
68.9
48.7
48.4
60.4
40.0
57.1
48.4
52.5
45.5
52.0
64.3
58.3
44.4
56.4
54.2
48.2
55.3
90.5
45.8
48.0
46.9
60.7
63.6
58.5
48.2
60.6
77.4
63.6
63.6
61.3
54.5
31.6
50.9
56.1
68.9
56.3
42.1
51.6
61.9
69.7
64.1
50.0
57.9
70.4
47.4
50.0
52.4
61.8
62.1
51.1
59.5
57.7
43.9
54.1
76.5
32.3
73.9
46.2
64.3
56.8
57.1
53.2
60.0
41.9
61.0
51.2
24.0
47.8
39.5
58.3
64.7
58.8
62.0
48.8
69.0
37.5
50.0
50.0
34.8
41.5
41.9
64.1
51.7
38.2
52.8
60.0
48.6
33.3
40.0
38.7
58.6
55.6
43.9
36.8
44.8
39.5
41.5
48.6
32.6
58.5
51.1
64.0
61.4
41.7
26.1
54.2
28.6
42.1
41.2
45.2
49.2
55.9
60.0
60.7
53.1
69.0
51.4
66.7
74.4
40.7
56.3
69.0
54.5
53.3
52.6
59.5
60.6
66.7
52.7
65.4
60.0
53.1
50.0
54.2
63.3
54.2
66.7
44.8
58.3
57.8
57.6
34.0
50.0
59.3
61.1
80.8
64.5
51.4
53.1
57.4
63.2
60.0
64.0
61.5
57.5
38.5
70.6
67.7
43.5
58.6
45.2
61.8
48.0
40.0
58.5
40.0
68.8
25.0
51.5
50.0
54.2
57.1
47.2
52.7
58.2
55.6
53.1
100.0
57.7
59.0
50.0
41.2
44.4
58.3
29.0
65.6
52.2
48.4
59.0
50.0
68.2
50.8
40.5
57.7
58.8
50.0
51.4
61.1
55.0
54.8
44.1
65.6
57.1
78.3
52.6
51.4
52.6
56.8
53.8
75.9
51.9
54.1
50.0
52.0
49.3
64.9
36.1
68.9
60.6
45.7
50.0
68.6
54.5
58.8
52.5
52.6
47.5
64.1
41.9
45.5
48.4
43.3
54.3
56.5
45.0
60.7
45.2
47.1
52.0
54.5
27.6
51.4
53.6
46.7
53.8
72.2
56.0
55.7
69.7
54.5
55.4
43.9
55.6
51.5
46.0
58.3
53.7
42.9
51.7
44.0
43.8
53.7
76.0
71.4
54.8
58.7
61.5
61.5
63.2
45.2
54.5
52.9
36.7
43.8
37.5
66.7
48.7
66.7
66.7
57.6
61.5
53.7
54.5
66.7
71.0
76.8
47.2
43.2
58.3
54.5
54.8
52.0
55.2
51.7
31.8
63.5
53.8
41.7
54.1
50.0
52.9
43.9
52.2
51.4
69.6
51.2
63.6
64.2
45.5
48.4
47.6
38.7
40.4
72.7
56.8
56.4
37.2
52.9
84.2
44.4
43.1
47.5
42.9
59.6
40.0
54.7
66.7
56.3
60.4
55.6
25.8
56.7
42.9
49.2
8.3
61.3
64.3
55.3
40.6
62.5
61.0
57.4
58.6
57.7
71.4
56.7
61.8
69.2
78.6
50.8
54.1
47.8
45.5
77.8
72.4
51.3
51.5
61.7
84.6
63.6
47.4
53.6
42.2
55.1
60.5
50.8
29.4
52.0
48.6
60.0
50.0
56.4
59.0
48.8
47.4
60.0
73.0
50.0
56.3
66.7
42.3
69.2
46.4
58.1
60.0
59.5
39.0
44.4
57.1
34.3
61.8
66.7
51.0
49.1
45.0
45.9
48.4
40.0
71.4
60.0
69.0
50.0
62.5
40.5
56.3
48.3
53.3
59.6
51.9
40.5
44.4
41.7
36.7
69.0
66.7
62.3
48.6
60.6
37.9
53.3
92.6
36.4
48.3
31.6
53.8
39.3
54.3
35.3
46.2
44.1
55.0
56.8
74.1
61.8
55.6
60.4
60.6
55.3
54.3
56.3
66.7
52.0
51.1
52.8
48.5
47.1
42.4
40.7
56.8
43.3
48.1
62.2
56.8
56.6
65.2
52.6
65.5
68.8
66.7
58.3
55.6
47.5
57.4
50.0
48.1
52.0
59.5
56.8
40.6
52.9
54.7
58.8
47.4
36.6
41.9
51.1
44.4
57.9
36.4
52.7
41.9
60.0
65.8
60.0
32.1
47.8
92.9
36.4
47.1
41.9
83.9
34.4
44.9
57.7
56.7
51.5
42.4
48.4
81.0
46.4
60.0
59.3
66.7
52.0
56.7
58.5
78.4
60.0
50.0
70.0
64.9
52.6
54.3
51.4
48.1
58.3
56.0
54.9
72.2
78.9
65.3
63.6
64.7
75.7
64.6
39.1
36.4
47.7
52.5
63.9
33.3
65.0
55.8
61.3
52.8
54.5
61.5
45.0
43.3
40.0
46.3
43.8
50.0
67.9
61.1
83.3
71.4
52.6
51.4
62.7
85.0
48.8
50.0
52.4
66.7
50.0
52.4
60.4
57.1
43.8
48.4
44.7
55.9
46.7
57.6
58.8
53.7
75.9
60.9
71.4
54.5
55.1
44.4
70.4
68.6
26.1
56.7
62.5
52.4
53.7
48.9
51.3
55.6
61.0
59.3
42.9
47.1
33.3
62.8
41.2
47.4
58.5
59.4
54.5
57.9
50.0
65.4
54.3
48.5
70.0
41.9
54.3
45.8
50.0
64.1
35.0
52.1
59.6
51.4
64.5
58.1
67.4
56.4
72.0
60.0
43.6
58.7
56.8
49.0
65.8
52.0
67.7
73.7
51.3
59.3
75.7
57.8
49.0
58.1
60.0
51.2
55.7
41.4
45.7
60.0
65.6
37.9
53.0
47.2
51.9
29.0
55.0
42.9
62.5
52.8
59.4
56.7
63.6
50.0
57.1
50.9
59.3
54.8
53.8
57.4
62.7
56.0
51.4
60.5
46.4
66.7
62.3
50.0
57.6
56.8
60.6
69.6
48.3
52.0
46.2
86.7
58.7
57.9
64.0
71.0
52.4
52.8
60.0
60.3
50.0
55.6
66.7
50.0
61.1
52.6
63.9
66.7
58.7
29.0
42.5
70.3
45.7
45.1
46.4
52.2
62.5
57.7
48.3
36.1
51.2
46.9
45.6
50.0
59.7
41.1
37.5
56.5
65.2
57.5
51.3
76.3
76.8
65.9
76.7
69.2
54.2
47.1
62.1
66.7
62.1
51.9
48.5
47.1
60.0
52.8
42.9
56.9
56.1
55.8
61.8
67.9
42.9
43.3
54.1
50.8
64.8
38.5
32.0
26.9
44.8
24.3
49.0
56.6
65.0
62.8
67.5
50.0
51.1
48.8
52.0
50.0
63.0
70.3
50.0
66.0
57.5
40.0
50.0
50.0
57.6
70.4
55.0
61.1
38.1
62.8
48.7
46.7
51.6
54.1
48.6
53.2
62.5
34.5
56.1
54.2
61.8
90.5
51.9
61.8
81.5
62.5
58.8
65.4
59.6
48.5
54.8
58.6
47.2
50.0
51.4
63.2
48.3
66.7
43.2
62.1
58.7
45.5
50.0
53.3
66.7
36.7
63.6
54.2
65.0
34.1
52.5
71.4
68.6
62.9
64.5
82.1
58.1
64.5
40.9
57.1
64.1
44.8
45.0
69.2
38.2
42.9
40.5
57.6
66.7
52.1
50.0
60.0
69.2
36.6
52.9
38.7
46.8
38.9
46.9
65.6
45.8
64.0
59.6
51.7
37.1
41.0
39.4
51.4
51.9
26.3
78.0
94.1
69.7
61.5
53.6
69.0
54.3
75.9
56.9
55.0
60.7
51.4
60.0
32.0
77.8
57.9
50.0
31.8
52.9
57.6
47.5
51.9
34.4
50.0
41.2
41.2
49.2
48.9
43.5
52.0
50.0
28.6
52.5
58.3
48.4
72.4
63.6
56.1
46.3
51.6
62.9
62.5
50.0
52.4
65.0
73.7
54.3
52.5
53.8
61.9
48.6
53.8
74.2
56.7
69.8
64.1
47.6
43.8
46.7
45.5
51.1
51.5
54.5
51.1
50.0
41.9
60.5
34.5
59.5
80.6
53.2
54.0
54.3
62.8
61.8
42.1
56.0
44.2
52.4
27.0
41.3
63.6
54.5
58.8
65.2
42.9
52.1
55.0
47.2
45.9
54.5
48.7
75.9
60.7
50.0
41.9
47.1
45.0
56.3
45.8
55.6
40.7
64.9
54.2
47.8
72.7
52.5
65.4
58.5
69.2
48.5
48.3
72.4
72.2
60.0
55.1
55.2
48.6
53.7
54.8
64.7
42.4
41.2
42.0
50.0
53.3
39.3
44.4
55.2
54.8
54.5
61.1
60.0
56.0
64.7
66.7
46.7
52.6
48.1
44.2
46.3
61.2
46.9
39.3
46.7
63.9
60.6
61.5
71.8
61.0
52.0
58.8
57.1
56.5
50.0
66.7
51.6
61.3
56.5
57.7
57.1
62.5
60.0
55.6
48.6
57.7
67.6
62.5
64.0
67.3
59.4
58.8
45.2
42.9
57.4
58.1
71.4
76.7
48.4
69.6
59.3
60.5
63.0
62.9
46.7
73.1
51.6
59.1
35.5
61.8
68.4
50.0
65.6
50.8
36.1
50.0
65.0
54.2
50.0
53.7
50.8
40.6
45.5
62.2
62.1
68.0
66.7
61.0
52.3
31.3
44.4
74.5
50.0
48.4
62.1
48.5
48.3
66.7
53.6
42.9
36.4
57.1
60.0
34.1
50.0
64.2
50.8
48.0
145.5
36.0
61.5
38.6
65.7
50.0
56.3
57.7
40.0
34.5
52.1
46.9
31.0
42.1
50.8
60.7
57.1
32.4
50.0
57.8
60.6
81.3
58.5
66.7
55.0
60.3
52.9
38.7
50.0
50.0
48.6
46.4
61.8
53.6
37.9
62.9
54.1
51.3
54.4
50.0
48.0
44.0
48.1
35.1
66.7
31.6
35.8
42.0
45.9
50.0
51.4
42.9
60.0
55.9
55.6
64.5
67.7
50.0
53.5
48.0
42.9
69.2
65.5
55.0
61.3
41.5
60.9
38.2
49.2
57.7
37.7
44.9
63.6
50.0
61.5
38.1
61.9
74.1
51.4
56.0
80.8
70.6
62.2
45.7
46.9
56.7
59.4
51.0
85.0
72.0
48.9
48.7
50.0
50.0
73.5
67.3
52.4
61.2
54.2
44.8
40.0
52.5
61.0
44.1
48.4
41.4
59.3
45.0
40.0
57.9
57.4
60.0
69.6
55.0
40.8
51.4
63.3
80.0
68.2
69.7
58.8
62.2
57.4
59.0
78.1
67.4
48.4
48.6
100.0
58.3
48.7
77.5
45.5
69.1
55.9
52.5
55.9
75.9
56.3
48.4
52.2
30.0
60.7
56.7
54.5
52.3
51.2
45.7
40.0
44.6
45.5
25.0
46.2
31.8
46.3
39.4
51.5
80.0
71.8
54.8
63.6
56.7
56.0
41.9
69.0
62.5
53.6
66.7
39.1
59.1
44.8
50.0
56.1
50.0
46.2
66.7
52.4
45.5
43.2
50.0
57.4
50.0
52.5
45.0
64.3
53.6
54.2
46.7
67.2
63.3
54.2
54.3
63.3
48.3
51.6
54.5
65.6
45.5
59.3
44.4
60.7
40.5
54.2
47.1
50.0
34.4
38.1
63.0
51.3
59.4
56.9
41.7
73.8
71.4
69.6
68.1
46.9
50.0
76.5
38.5
56.8
54.7
53.6
42.9
51.7
60.0
60.0
48.0
42.9
51.9
47.3
40.0
65.5
50.0
67.4
50.0
70.7
57.1
61.8
57.1
72.2
52.4
57.5
54.8
45.8
50.0
40.6
57.1
51.4
51.4
43.1
37.0
55.8
60.0
48.3
55.1
68.4
55.2
57.4
28.6
60.4
63.4
56.8
53.3
42.5
61.5
50.0
54.8
47.1
64.3
63.6
57.6
59.6
50.0
56.0
51.2
42.4
63.2
51.4
56.8
73.1
37.9
58.3
39.4
62.0
68.4
51.7
55.1
39.6
53.5
54.3
38.7
38.8
44.4
50.0
63.3
56.3
44.4
43.4
40.9
42.4
63.2
63.0
47.4
51.7
76.0
63.9
37.0
52.4
57.1
64.3
72.7
64.0
54.8
54.5
58.8
47.5
43.3
61.8
47.1
58.1
54.3
56.1
53.3
50.0
56.3
56.0
63.3
52.6
76.9
47.1
51.0
59.5
48.5
55.0
48.3
51.5
60.9
36.0
44.7
59.0
50.0
57.1
66.7
54.2
61.4
55.6
53.3
37.5
68.4
44.0
66.7
58.1
40.0
47.7
37.5
69.0
57.6
66.7
46.2
68.8
64.2
48.1
60.5
63.5
33.3
56.3
43.9
48.5
56.8
58.3
55.0
53.4
68.4
52.3
66.7
57.6
27.8
57.5
50.0
