21.7
23.4
15.4
20.8
20.0
3.1
18.8
20.0
17.4
12.2
25.0
16.3
25.0
20.8
28.3
16.7
14.8
0.0
10.9
15.8
5.6
13.5
18.9
16.2
19.0
15.7
28.9
15.2
23.5
15.4
16.7
10.3
23.3
23.5
17.1
8.3
13.9
16.1
24.2
15.8
27.5
8.7
24.3
36.7
10.3
20.8
16.3
15.8
19.4
24.0
31.6
20.0
21.4
20.0
22.7
15.9
9.1
23.5
12.2
17.4
29.7
14.7
15.9
15.2
17.9
13.5
10.7
24.5
9.7
20.0
21.8
20.0
10.7
16.1
9.5
18.2
14.6
17.8
14.3
16.1
31.3
12.9
21.4
14.3
13.9
19.1
18.8
23.2
26.3
32.5
15.0
19.4
9.1
31.8
22.6
16.7
15.4
20.0
9.1
28.6
17.9
8.1
17.9
15.4
23.7
20.5
23.1
22.0
25.0
12.2
19.0
14.3
7.9
28.3
16.0
18.8
0.0
12.7
11.5
6.1
17.4
14.3
11.1
18.8
24.3
20.0
16.0
28.0
15.6
19.4
12.5
17.1
15.4
8.7
13.0
20.5
21.7
9.1
12.2
14.5
26.7
0.0
11.5
11.1
19.6
25.0
18.4
16.3
22.0
10.0
21.7
13.8
16.3
13.9
14.6
17.1
20.9
10.0
17.0
12.8
25.0
10.3
29.4
9.1
19.4
12.2
10.0
14.3
23.6
21.7
11.4
15.2
12.1
11.6
21.1
16.0
16.1
17.9
26.1
22.6
16.7
18.8
25.5
15.2
20.0
19.4
17.5
19.4
6.5
31.8
13.6
20.8
15.4
6.7
17.9
33.3
12.8
21.9
21.4
22.0
22.0
7.4
18.8
4.0
26.6
20.0
20.0
20.8
20.0
6.7
31.0
7.7
17.5
22.2
8.8
15.9
18.2
14.3
12.5
10.3
16.7
13.6
25.6
21.4
10.3
15.8
6.1
9.3
21.4
18.9
16.3
11.8
14.8
15.8
15.8
16.2
17.8
8.7
28.9
19.2
9.7
3.7
27.3
18.5
6.9
24.4
17.2
12.8
21.4
9.5
15.6
14.5
4.8
21.2
8.0
11.8
15.4
11.4
20.0
13.3
18.8
7.7
12.1
16.4
17.2
39.3
12.5
25.4
27.5
18.2
16.2
25.0
10.4
28.2
31.6
14.8
16.3
13.8
14.6
13.3
26.9
12.9
19.2
14.7
21.4
27.9
15.6
20.0
12.5
17.9
20.6
25.0
16.3
28.9
3.7
15.0
20.7
20.3
18.2
15.8
7.1
18.9
12.5
22.6
9.4
20.5
8.3
13.3
17.9
20.0
0.0
0.0
25.0
14.6
23.5
17.4
7.1
10.7
22.0
19.6
16.7
28.6
17.6
11.8
20.3
17.6
14.3
11.1
15.0
18.8
3.4
4.0
17.2
4.5
20.7
19.4
7.8
6.3
15.6
21.9
6.9
12.1
10.7
20.0
13.2
13.9
7.3
17.9
16.7
23.4
25.0
15.0
9.3
8.3
22.2
13.0
15.6
27.5
5.9
17.9
22.2
16.7
17.6
12.5
19.2
12.8
10.0
32.7
11.9
18.2
14.7
19.4
13.6
19.0
9.5
23.5
15.2
8.7
14.9
22.9
17.4
19.0
21.6
10.5
15.2
19.6
19.4
16.7
30.8
24.6
12.2
21.7
16.0
12.5
34.4
21.1
18.8
24.1
27.3
35.1
20.0
14.3
21.7
10.0
16.9
28.0
16.4
19.4
30.4
7.9
26.5
20.0
31.0
12.8
14.0
21.7
0.0
11.1
17.6
14.7
23.1
27.7
20.9
21.3
13.5
12.8
14.3
6.3
11.4
20.0
6.1
20.6
17.2
15.6
21.3
17.1
25.0
15.8
24.5
19.0
22.9
19.0
14.8
31.1
15.6
15.6
33.3
21.4
22.2
8.6
20.6
19.6
5.3
28.9
17.4
25.7
21.2
21.7
14.3
12.8
14.3
17.9
10.3
30.8
12.5
15.8
20.0
6.3
17.5
17.1
21.7
17.6
12.5
21.6
18.2
17.1
17.6
21.1
11.1
18.8
23.1
20.8
17.2
12.0
18.2
18.8
19.4
13.5
12.7
13.5
12.5
27.1
15.2
20.8
25.0
24.4
5.9
17.4
25.5
23.1
12.2
23.3
15.6
18.2
8.9
10.3
15.0
25.0
13.9
18.6
13.3
12.1
13.6
14.8
16.7
14.8
20.6
33.3
19.2
23.8
13.8
7.7
15.0
11.5
13.2
25.0
22.6
12.1
25.0
23.3
16.7
18.3
17.5
19.4
12.5
22.9
26.0
7.7
10.0
19.4
24.1
23.7
25.9
14.3
10.1
14.3
9.5
15.3
28.0
10.9
12.0
15.0
22.0
15.5
15.6
19.4
10.3
21.4
33.3
7.4
15.2
19.5
18.2
13.0
19.4
6.7
26.5
21.2
21.4
12.0
