47.1
80.0
64.0
52.4
47.5
69.7
50.8
50.0
41.3
66.7
69.7
75.9
51.7
38.2
50.0
70.0
49.0
41.7
62.5
56.3
63.4
47.5
50.0
44.4
45.8
53.3
71.4
44.0
60.0
55.3
47.6
64.7
58.3
49.0
52.9
60.4
62.2
57.7
47.8
47.5
65.4
32.6
44.4
49.1
53.8
53.1
51.5
34.8
51.9
51.2
45.0
50.0
44.7
56.3
52.7
41.7
67.3
39.3
52.8
60.0
58.1
58.6
48.0
63.0
58.5
62.3
68.0
76.6
59.5
52.9
60.6
74.2
53.8
71.7
62.5
67.2
55.6
69.4
66.7
68.8
63.2
47.7
52.3
63.6
55.8
40.9
60.0
73.5
50.0
59.4
44.1
58.3
36.6
54.3
50.0
73.3
58.3
56.8
53.6
44.4
46.8
44.1
47.2
58.6
51.4
43.2
51.6
41.4
50.0
34.8
58.2
52.6
66.0
57.1
51.7
50.0
54.3
54.2
61.4
33.3
33.3
46.8
54.5
50.0
48.6
54.8
52.4
41.7
63.9
53.5
45.9
53.2
60.5
45.2
57.6
55.8
50.0
52.2
57.7
51.4
92.9
83.9
56.7
47.6
50.0
59.0
58.3
58.7
67.5
49.1
30.3
38.7
42.4
45.7
67.4
50.0
31.6
53.5
53.8
57.6
55.3
43.2
55.2
44.7
51.2
28.9
68.0
61.4
55.2
61.9
45.0
70.8
57.1
55.9
40.0
52.9
38.7
31.7
58.1
57.7
54.1
39.5
51.4
57.6
55.9
100.0
55.6
74.4
50.0
64.7
50.0
72.1
58.3
64.0
59.5
56.8
55.6
66.7
44.4
58.2
50.8
41.2
51.0
55.9
54.2
47.2
63.8
84.2
64.9
56.7
57.1
62.5
45.1
70.7
50.0
54.4
54.5
51.4
40.0
72.7
42.3
57.1
44.9
62.5
57.4
50.0
52.4
66.7
51.3
44.0
55.9
40.0
65.6
48.6
48.0
28.0
40.7
44.4
59.0
59.4
62.5
53.6
71.4
63.4
58.5
58.6
60.0
44.0
30.0
42.9
58.1
54.8
60.0
37.0
52.8
62.0
44.8
55.6
64.7
51.5
64.6
45.0
48.7
55.2
52.5
53.2
51.5
42.9
63.8
43.2
53.1
48.3
56.1
61.5
66.7
67.7
48.0
43.2
54.2
23.1
60.8
48.4
61.9
66.7
45.1
39.0
57.9
60.5
43.9
50.0
44.7
56.3
52.9
58.1
59.5
70.0
70.0
61.0
58.6
78.2
79.2
61.3
44.3
56.4
56.8
51.6
46.8
57.6
48.9
51.4
46.0
58.8
51.2
48.7
42.3
56.3
35.1
30.3
42.4
51.6
63.9
64.9
63.3
61.3
55.6
60.0
63.2
43.2
61.8
68.6
48.4
59.3
56.3
60.0
42.3
80.6
47.7
37.9
51.7
48.7
54.5
54.5
47.7
62.5
48.6
52.6
60.7
60.0
44.4
44.4
54.5
41.7
53.6
35.3
61.3
41.9
53.2
40.0
56.3
44.7
50.0
21.9
56.3
31.8
72.4
73.2
56.5
55.2
65.9
56.5
48.5
51.0
56.5
52.4
44.4
64.0
45.5
55.6
45.2
34.5
52.0
51.6
60.6
67.4
73.7
46.5
59.3
86.2
70.3
53.1
62.9
55.0
57.1
57.1
50.0
61.3
54.3
44.1
50.0
40.0
51.9
58.5
51.9
54.3
57.5
54.2
55.9
56.5
60.0
60.9
53.8
61.3
53.2
58.3
51.4
73.7
53.6
50.0
68.3
60.7
51.4
60.0
50.0
47.2
57.9
42.6
46.2
66.0
63.0
48.6
53.8
50.0
48.2
57.1
50.0
55.8
38.1
51.7
52.4
47.4
51.5
46.4
45.5
57.1
45.8
40.0
35.7
55.6
58.0
46.0
56.8
42.9
68.6
51.2
49.2
60.0
56.7
41.9
48.6
76.2
44.1
45.2
50.9
48.7
50.0
35.1
48.5
44.4
50.0
36.6
55.9
46.7
56.3
34.0
37.5
32.7
47.8
31.6
68.0
57.9
50.0
63.2
42.9
40.0
44.7
45.9
40.7
55.2
45.9
48.9
54.5
56.7
44.4
54.8
50.0
62.1
45.9
55.9
60.9
43.1
58.3
48.0
61.5
56.5
59.5
63.5
65.2
61.2
58.3
51.4
48.9
47.1
54.5
67.7
40.9
54.1
63.0
52.5
47.2
54.1
54.5
58.3
56.0
65.5
62.0
42.1
44.6
47.8
58.8
43.8
43.3
45.5
47.7
44.0
36.1
42.1
65.9
44.4
64.9
45.2
33.3
59.0
61.8
53.1
46.0
53.3
76.2
31.4
58.5
45.2
64.3
70.6
60.6
61.1
70.8
55.6
54.5
51.3
47.1
28.3
55.1
44.4
37.5
68.2
53.3
47.8
60.6
67.9
60.8
60.0
77.4
50.0
62.1
59.1
66.7
66.7
78.8
68.8
73.1
81.3
57.4
61.0
59.0
52.2
62.8
50.0
65.6
35.7
61.9
44.2
50.0
44.8
44.4
46.8
53.8
51.5
56.8
54.5
57.5
65.4
74.3
48.6
44.1
58.3
47.3
52.0
61.5
57.6
59.3
63.6
32.0
35.3
70.0
63.3
50.0
38.9
39.5
61.4
43.9
63.0
44.8
59.2
52.2
52.9
48.3
47.8
54.5
45.5
55.0
36.6
61.9
56.8
65.6
51.1
54.5
50.0
55.8
37.8
63.0
78.6
64.7
47.5
75.8
64.3
56.3
43.3
36.0
48.1
44.4
48.8
58.8
48.3
44.4
46.3
50.0
87.5
29.7
48.5
47.1
50.7
41.9
51.1
53.7
59.1
61.1
38.2
57.6
43.5
47.2
68.3
65.6
71.4
52.9
63.9
75.0
71.4
49.0
56.8
54.4
56.5
41.8
48.8
62.5
51.5
60.0
50.0
56.9
57.1
34.3
38.6
41.5
37.9
42.9
38.7
38.1
53.6
45.8
56.8
42.9
49.1
21.9
33.3
50.0
53.4
50.0
51.9
41.7
62.5
62.5
50.0
56.3
84.2
57.7
53.3
67.4
67.3
68.6
47.1
40.0
67.6
55.6
64.1
64.7
62.1
49.0
50.0
51.6
58.8
47.5
58.1
58.8
50.8
57.9
56.7
60.4
77.4
63.9
56.5
63.2
54.0
55.3
47.1
48.4
53.8
51.9
50.0
58.6
59.4
57.7
66.7
50.0
37.5
42.4
58.5
44.4
74.2
45.9
43.8
64.8
55.2
65.5
65.4
60.7
50.0
65.5
54.5
45.9
63.6
50.8
43.2
61.5
57.1
37.8
45.5
51.5
40.0
60.0
64.0
67.9
57.6
56.7
51.4
50.0
47.4
66.1
45.2
47.8
32.0
58.1
42.5
53.1
50.0
52.6
40.6
56.3
55.0
53.1
55.0
63.6
50.9
50.0
40.7
46.5
65.9
41.5
55.6
48.0
42.1
65.9
51.4
51.3
55.3
60.5
37.3
55.9
62.2
57.7
47.5
55.6
48.8
68.3
50.0
48.5
57.4
50.0
63.0
68.8
35.7
45.2
48.0
41.0
57.1
43.5
53.8
55.0
42.5
42.1
51.7
63.2
55.6
43.8
54.2
65.5
64.7
67.6
54.5
53.3
50.8
55.9
54.5
52.4
58.3
46.4
50.0
46.5
50.0
37.5
33.3
45.9
31.1
61.0
46.7
68.8
64.7
59.5
58.8
53.7
52.7
54.3
43.4
68.0
56.3
61.0
63.3
59.1
76.7
55.9
55.2
50.0
70.0
52.2
61.8
54.0
60.5
43.5
51.2
44.4
45.8
48.1
34.8
47.8
43.8
47.7
26.1
56.9
50.0
58.8
60.4
50.0
56.9
60.4
50.0
44.7
55.6
47.5
45.5
36.6
60.0
41.9
35.5
56.1
57.6
67.8
46.7
62.5
48.0
74.2
59.5
56.4
51.4
44.4
50.0
45.5
50.0
46.4
47.7
56.3
57.5
50.9
46.7
62.5
44.0
70.0
64.9
48.6
42.4
67.5
62.5
47.2
60.0
53.8
39.4
57.8
57.1
59.5
39.3
69.2
54.3
51.1
50.0
43.1
41.7
59.4
40.4
47.2
48.0
67.6
46.2
48.4
44.1
74.2
60.4
58.6
58.1
66.7
48.6
66.7
47.5
54.1
50.0
50.0
66.7
55.3
61.0
58.5
47.2
51.1
48.8
47.1
57.9
65.4
40.0
55.6
51.9
33.3
52.3
45.2
45.5
43.6
51.6
38.2
50.0
52.5
40.5
52.0
36.4
45.1
28.2
59.4
53.1
31.0
56.7
66.7
47.6
41.2
38.1
57.9
50.0
52.1
46.2
53.3
80.0
61.1
37.8
57.7
70.0
52.4
60.0
50.0
52.9
44.2
62.8
50.0
44.4
44.1
47.3
40.5
48.5
61.8
50.0
64.7
60.3
54.2
59.3
57.1
70.0
69.0
54.8
57.1
47.9
54.3
63.9
60.6
65.5
67.4
52.6
35.3
59.1
57.1
60.7
47.6
67.3
47.2
49.0
50.0
73.5
50.0
44.7
53.6
48.1
67.6
54.1
65.7
43.8
62.1
53.3
81.0
52.0
47.0
58.5
52.6
57.1
44.4
39.0
62.5
67.9
45.9
41.9
67.3
70.6
51.7
32.4
76.2
52.9
41.2
60.6
60.0
52.9
41.8
64.4
51.3
48.4
66.7
40.0
57.1
40.3
50.0
45.5
60.0
53.6
58.3
41.7
56.4
54.2
50.0
55.3
47.6
45.8
44.0
40.6
57.1
65.5
63.1
53.6
60.6
74.2
63.6
54.5
61.3
63.6
28.9
43.4
48.8
62.2
58.3
42.1
50.0
61.9
63.6
66.7
52.9
55.3
66.7
47.4
55.8
57.1
64.7
65.5
42.6
56.8
53.8
46.3
55.7
58.8
29.0
78.3
34.6
50.0
52.3
60.0
63.8
68.0
40.3
51.2
56.1
24.0
45.7
41.9
52.8
67.6
55.9
60.0
51.2
62.1
37.5
47.9
46.7
45.7
51.2
41.9
59.0
44.8
41.2
47.2
63.6
51.4
29.2
40.0
48.4
55.2
59.3
41.5
34.2
37.9
34.2
39.0
40.5
34.9
56.1
53.3
58.0
54.4
33.3
26.1
50.0
28.6
34.2
35.3
45.2
52.5
55.9
60.0
57.1
53.1
58.6
42.9
61.9
61.5
38.9
54.2
75.9
60.6
40.0
50.0
52.4
57.6
55.6
52.7
73.1
54.3
59.2
45.2
52.1
66.7
54.2
63.3
48.3
58.3
53.3
54.5
38.0
46.2
59.3
61.1
73.1
54.8
51.4
56.3
50.8
57.9
60.0
56.0
64.1
50.0
34.6
70.6
64.5
60.9
56.9
45.2
52.9
60.0
40.0
58.5
41.8
68.8
45.0
51.5
47.7
55.9
59.5
45.3
54.5
60.0
48.1
55.1
72.7
57.7
59.0
47.6
44.1
47.6
58.3
29.0
62.5
47.8
45.2
59.0
53.4
68.2
49.2
45.9
53.8
64.7
55.0
54.3
63.9
45.0
53.2
40.7
56.3
49.0
78.3
47.4
52.7
52.6
40.5
59.0
62.1
48.1
54.1
52.3
64.0
44.8
62.2
33.3
62.2
54.5
40.0
50.0
65.7
49.1
52.9
50.0
63.2
49.2
59.0
48.4
50.9
54.8
33.3
57.1
52.2
42.5
57.1
42.9
47.1
52.0
50.0
31.0
45.9
60.7
40.0
53.8
61.1
48.0
59.0
72.7
57.6
55.4
43.9
51.1
48.5
50.0
50.0
42.6
45.2
55.2
46.0
40.6
51.9
56.0
60.7
61.3
56.5
53.8
65.4
60.5
45.2
54.5
58.8
38.3
31.3
50.0
50.0
43.6
66.7
73.3
59.3
55.8
53.7
56.8
63.9
71.0
78.6
52.8
48.6
50.0
57.6
61.9
46.0
55.2
51.7
27.3
58.7
46.2
44.4
48.6
42.3
52.9
42.4
52.2
45.9
65.2
51.2
69.7
58.5
36.4
51.6
42.9
45.2
46.8
72.7
63.6
61.5
39.5
52.9
84.2
38.9
41.2
42.5
42.9
61.7
45.7
52.8
50.0
59.4
64.6
55.6
35.5
60.0
42.9
47.5
33.3
61.3
64.3
50.0
43.8
60.0
56.1
55.6
69.0
42.3
71.4
53.3
55.9
69.2
75.0
47.5
45.9
47.8
50.0
70.4
72.4
41.0
51.5
56.7
80.8
63.6
52.6
50.0
44.4
53.1
52.6
50.8
35.3
52.0
51.4
62.9
50.0
61.5
56.4
46.3
52.6
40.0
70.3
52.8
45.8
64.1
40.4
61.5
51.8
54.8
64.0
61.9
43.9
44.4
60.0
40.0
64.7
63.6
54.9
45.3
47.5
48.6
41.9
45.0
47.6
51.4
65.5
47.1
62.5
47.6
64.6
46.6
60.0
59.6
55.6
52.4
48.1
33.3
33.3
58.6
63.0
62.3
32.4
54.5
55.2
53.3
81.5
45.5
48.3
34.2
51.3
39.3
47.8
39.2
46.2
38.2
40.0
56.8
74.1
61.8
55.6
58.3
48.5
53.2
51.4
59.4
58.3
52.0
51.1
50.0
48.5
50.0
45.8
40.7
56.8
40.0
40.7
62.2
43.2
56.6
60.9
55.3
62.1
65.6
66.7
70.8
50.0
47.5
48.1
57.1
51.9
56.0
51.4
59.1
40.6
52.9
54.7
55.9
42.1
36.6
41.9
51.1
40.7
68.4
40.9
52.7
45.2
50.0
68.4
53.3
28.3
50.7
78.6
33.3
47.1
39.5
77.4
28.1
40.8
57.7
55.0
51.5
42.4
48.4
81.0
46.4
55.0
63.0
57.1
48.0
50.0
56.1
62.2
46.7
52.0
70.0
61.4
47.4
58.7
51.4
51.9
66.7
52.0
56.9
44.4
73.7
53.1
60.6
70.6
64.9
58.3
35.9
45.5
45.5
50.0
52.8
33.3
62.5
48.8
51.6
52.8
65.5
61.5
50.0
46.7
33.3
53.7
39.6
50.0
79.2
61.1
83.3
71.4
52.6
51.4
59.3
70.0
48.8
50.0
57.1
58.3
55.0
50.0
58.5
57.1
43.8
48.4
48.9
64.7
48.9
51.5
58.8
58.5
75.9
60.9
76.2
54.5
55.1
50.0
48.1
60.8
30.4
60.0
62.5
47.6
48.8
51.1
43.6
50.0
55.9
55.6
50.0
47.1
35.7
58.1
29.4
50.9
52.8
53.1
54.5
60.5
56.0
65.4
54.3
45.5
61.7
35.5
48.6
45.8
50.0
64.1
30.0
54.2
57.9
51.4
54.8
51.6
67.4
61.5
64.0
60.0
41.0
63.0
48.6
43.1
65.8
52.0
74.2
63.2
48.7
48.1
67.6
57.8
51.0
64.5
51.4
56.1
52.5
41.4
51.4
65.0
53.1
44.8
50.0
52.8
66.7
38.7
60.0
39.3
65.0
41.5
57.8
66.7
63.6
47.7
60.7
54.5
51.9
48.4
50.0
53.2
57.6
56.0
40.5
57.9
46.4
60.6
57.4
38.2
62.7
59.5
60.6
65.2
51.7
48.0
46.2
60.0
57.1
57.9
56.0
61.3
57.1
50.0
62.9
61.9
55.9
57.8
66.7
52.9
52.8
57.9
63.9
60.0
56.5
38.7
42.5
62.2
47.8
43.1
48.2
52.2
87.5
53.8
58.6
41.7
53.5
50.0
38.6
40.0
54.8
42.9
31.3
54.3
65.2
52.5
59.0
73.7
69.6
73.2
90.0
76.9
50.0
44.1
58.6
66.7
63.8
51.9
42.4
49.0
68.0
47.2
50.0
55.2
51.2
58.1
58.8
53.6
42.9
46.7
54.1
52.3
61.1
43.6
40.0
30.8
37.9
27.0
51.0
52.8
60.0
55.8
65.0
45.0
44.7
53.7
48.0
44.4
67.4
75.7
47.4
63.8
65.0
38.2
54.8
47.2
48.5
63.0
57.5
58.3
38.1
55.8
51.3
46.7
50.0
51.4
48.6
57.4
65.0
38.2
57.9
55.9
56.4
81.0
40.7
64.7
81.5
65.6
58.8
76.9
57.9
39.4
54.8
58.6
58.3
47.1
54.1
63.2
48.3
64.3
45.9
58.6
58.7
45.5
47.7
51.7
66.7
42.9
63.6
58.3
65.0
39.0
47.5
66.1
60.0
51.4
67.7
71.4
61.3
61.3
40.9
54.3
61.5
48.3
47.5
61.5
44.1
46.4
40.5
54.5
61.1
54.2
41.7
53.3
66.7
39.0
52.9
38.7
40.4
41.7
46.9
53.1
52.1
68.0
50.0
50.0
37.1
41.0
42.4
48.6
48.1
42.1
76.0
88.2
66.7
69.2
58.9
61.9
77.1
86.2
63.8
50.0
60.7
45.7
56.0
36.0
66.7
55.3
45.2
31.8
61.8
57.6
47.5
57.4
31.3
50.0
47.1
41.2
47.6
44.4
60.9
44.0
46.4
28.6
50.8
61.1
35.5
75.9
56.8
53.7
48.8
61.3
64.5
62.5
40.6
54.8
65.0
63.2
47.8
60.0
56.9
66.7
48.6
43.6
54.8
60.0
69.8
53.8
28.6
34.4
51.7
54.5
60.0
60.6
56.8
51.1
50.0
38.7
57.9
37.9
59.5
75.0
55.3
54.0
51.4
55.8
61.8
42.1
52.0
41.9
45.2
24.3
47.6
59.1
50.0
52.9
65.2
42.9
52.1
57.5
47.2
42.6
52.7
46.2
79.3
57.1
52.8
44.2
44.1
45.0
53.1
45.8
52.8
42.6
48.6
50.0
38.8
69.7
47.5
57.7
58.5
61.5
54.5
41.4
79.3
55.6
57.1
59.2
55.2
40.0
48.8
54.8
58.8
48.5
38.2
38.0
53.6
53.3
35.7
38.9
51.7
51.6
57.6
63.9
60.0
52.0
64.7
71.8
53.3
47.4
46.2
42.3
41.5
61.2
49.0
42.9
45.0
69.4
48.5
53.8
59.0
48.8
52.0
55.9
62.9
56.5
53.1
63.9
61.3
71.0
58.7
53.8
51.8
62.5
63.3
55.6
48.6
53.8
62.2
54.2
52.0
65.4
65.6
58.8
38.1
46.4
63.8
45.2
66.7
67.4
46.8
56.5
59.3
60.5
52.2
57.1
46.7
73.1
54.8
59.1
35.5
54.5
65.8
41.7
62.5
50.8
33.3
44.4
75.0
50.0
50.0
51.2
49.2
40.6
48.5
59.5
58.6
68.0
66.7
58.5
56.9
34.4
42.2
68.1
57.1
48.4
72.4
51.5
41.4
61.9
50.0
40.8
36.4
57.1
62.5
36.6
38.2
58.5
52.5
50.0
109.1
40.0
66.7
40.9
62.9
45.0
56.3
55.8
35.0
34.5
47.9
43.8
27.6
40.4
49.2
53.6
54.8
35.3
40.5
62.2
62.1
81.3
53.7
61.1
50.0
58.6
52.9
38.7
50.0
46.2
48.6
46.4
50.0
50.0
37.9
65.7
49.2
46.2
52.6
55.6
56.0
44.0
40.7
29.7
66.7
47.4
35.8
42.0
43.2
50.0
51.4
42.9
60.0
55.9
57.1
61.3
58.1
56.7
51.2
56.0
42.9
61.5
69.0
55.0
64.5
36.9
58.7
41.2
49.2
61.5
34.4
44.9
63.6
56.0
66.7
40.5
57.1
74.1
48.6
68.0
73.1
80.4
54.1
48.6
48.4
53.3
62.5
61.2
80.0
68.0
61.7
46.2
46.4
50.0
57.1
63.5
61.9
53.1
60.4
41.4
40.0
52.5
62.7
35.3
48.4
51.7
55.6
35.0
45.0
57.9
49.2
62.9
65.2
55.0
40.8
59.5
55.0
86.7
65.9
60.6
58.8
62.2
53.2
64.1
56.3
63.0
48.4
45.9
85.0
41.7
53.8
60.0
48.5
65.5
61.0
50.0
55.9
69.0
56.3
51.6
58.0
30.0
60.7
53.3
54.5
46.2
56.1
43.5
38.5
44.6
51.5
25.0
46.2
27.3
43.9
42.4
51.5
62.9
71.8
57.1
54.5
56.7
66.0
38.7
61.9
55.4
52.2
59.5
52.2
50.0
44.8
52.9
53.7
47.1
40.4
59.3
47.6
54.5
50.0
52.3
55.3
59.1
52.5
45.0
60.7
55.4
50.0
40.0
60.3
56.7
54.2
51.4
70.0
44.8
54.8
51.5
64.1
40.9
59.3
40.7
64.3
45.9
54.2
41.2
47.4
45.3
33.3
60.9
61.5
56.3
54.9
50.0
67.7
76.2
69.6
57.4
37.5
47.2
68.6
33.3
51.4
46.9
42.9
37.5
55.2
56.7
62.5
52.0
52.4
51.9
52.7
45.0
55.2
56.3
62.8
52.6
75.9
59.5
61.8
59.5
61.1
42.9
60.0
54.8
47.9
65.0
43.8
54.3
51.4
45.9
41.2
37.0
57.7
70.0
48.3
65.3
68.4
58.6
55.3
35.7
60.4
56.1
62.2
53.3
45.0
61.5
46.7
54.8
44.1
60.7
54.5
51.5
57.4
50.0
44.0
48.8
44.1
63.2
45.9
50.0
65.4
48.3
52.8
45.5
56.0
63.2
55.2
55.1
49.1
51.2
48.6
45.2
46.3
44.4
44.1
53.3
56.3
38.9
41.5
50.0
37.3
55.3
55.6
47.4
58.6
40.0
55.6
34.8
57.1
50.0
57.1
59.1
56.0
50.0
54.5
58.8
50.8
46.7
58.8
52.9
61.3
40.0
48.8
56.7
47.2
56.3
56.0
60.0
52.6
69.2
45.1
55.1
64.9
48.5
58.3
55.2
48.5
58.7
32.0
44.7
56.4
55.0
51.4
58.3
56.3
56.8
59.3
57.8
34.4
84.2
46.0
60.0
58.1
26.7
36.4
37.5
72.4
54.5
62.7
42.3
68.8
58.5
51.9
57.9
55.6
33.3
60.4
43.9
48.5
52.3
50.0
50.0
53.4
52.6
63.6
66.7
48.5
27.8
52.5
46.9
