5.9
15.0
16.0
9.5
5.0
21.2
23.8
12.5
10.9
19.0
21.2
3.4
24.1
5.9
5.6
10.0
24.5
11.1
9.4
9.4
12.2
17.5
13.9
25.9
8.3
16.7
0.0
16.0
18.3
26.3
12.7
0.0
6.3
14.3
17.6
18.9
8.1
0.0
20.3
12.5
11.5
18.6
0.0
21.1
15.4
12.5
12.1
13.0
16.7
9.8
20.0
19.7
10.5
0.0
23.6
13.9
7.3
3.6
0.0
30.0
9.7
17.2
12.0
16.7
4.9
13.2
8.0
12.8
18.9
2.9
6.1
6.5
12.8
13.0
16.7
19.0
11.1
13.9
19.6
25.0
15.8
9.1
13.6
3.0
11.6
11.4
0.0
14.7
14.6
6.3
8.8
20.0
7.3
23.9
0.0
3.3
22.2
13.5
7.1
8.9
14.9
2.9
20.8
10.3
2.7
5.4
6.5
13.8
7.1
4.3
20.0
21.1
38.0
21.4
24.1
18.8
28.6
8.3
7.0
11.1
14.3
4.3
20.5
13.3
8.1
7.1
4.8
5.6
8.3
14.0
5.4
17.7
2.3
0.0
23.7
34.9
16.7
4.3
26.9
25.7
21.4
12.9
18.3
0.0
4.5
12.8
5.6
10.9
12.5
9.4
6.1
9.7
9.1
8.7
20.9
10.7
7.9
11.6
0.0
9.1
10.5
8.1
13.8
12.8
11.6
10.5
22.0
21.1
13.8
19.0
25.0
12.5
14.3
2.9
17.1
8.8
8.1
7.3
9.7
11.5
5.4
7.0
20.0
22.0
11.9
28.6
7.4
11.6
10.9
14.7
18.3
27.9
4.2
4.0
10.8
8.1
11.1
6.1
5.6
21.8
16.9
8.8
10.2
5.9
16.7
5.6
25.5
15.8
21.1
16.7
14.3
12.5
17.6
17.1
20.0
22.8
13.6
13.5
13.3
9.1
3.8
4.8
30.6
6.3
19.1
20.6
11.9
9.5
7.7
14.0
22.0
11.7
9.4
8.1
4.0
0.0
3.7
5.6
10.3
3.1
7.5
10.7
19.0
2.4
7.3
3.4
12.7
20.0
10.0
5.7
12.9
12.9
11.1
11.1
2.8
16.0
6.9
15.6
8.8
9.1
27.1
12.5
7.7
13.8
20.3
23.4
12.1
14.3
14.9
8.1
18.8
24.1
8.8
15.4
14.3
9.7
8.0
5.4
10.4
11.5
9.8
9.7
9.5
9.5
5.9
12.2
15.8
18.6
15.2
11.5
5.3
4.2
15.7
3.2
13.5
20.0
21.7
12.2
13.8
27.3
8.3
9.7
13.1
12.8
8.1
6.5
12.8
3.0
6.7
8.1
11.1
5.9
4.9
10.3
7.7
12.5
8.1
9.1
9.1
6.5
9.8
5.4
10.0
3.2
11.1
0.0
15.8
8.1
17.6
11.4
6.5
3.7
6.3
6.7
7.7
19.4
13.8
3.4
6.9
10.3
11.4
21.2
13.6
9.4
2.7
18.4
17.9
13.3
8.9
8.3
24.2
8.3
16.1
5.9
6.5
0.0
19.1
8.0
12.5
10.5
11.1
6.3
15.6
0.0
0.0
17.1
4.3
20.7
9.8
12.9
3.0
12.2
8.7
14.3
11.1
24.0
4.5
14.8
11.9
13.8
14.0
12.9
12.1
6.5
0.0
2.3
3.7
13.8
13.5
9.4
12.9
15.0
19.0
19.6
5.3
19.4
5.7
14.7
0.0
10.0
13.0
18.9
7.4
22.9
5.0
14.6
17.6
8.7
17.5
13.0
5.1
9.7
17.0
0.0
22.9
15.8
14.3
6.3
12.2
21.4
20.0
17.1
16.1
5.6
0.0
10.6
2.6
14.0
17.4
11.4
12.8
14.3
10.7
3.6
7.1
7.0
11.9
10.3
9.5
7.9
12.1
12.5
4.5
10.2
8.3
6.7
7.1
16.7
14.0
18.0
22.7
7.1
17.1
14.0
9.8
8.0
6.7
3.2
2.7
4.8
5.9
3.2
9.4
5.1
12.1
8.1
21.2
7.4
3.6
12.2
17.6
13.3
6.3
12.8
2.5
14.3
10.9
5.3
0.0
13.2
2.4
5.3
10.7
4.4
8.5
8.1
22.2
10.3
14.8
22.2
20.5
0.0
2.8
7.1
16.7
20.7
8.1
8.8
4.3
5.9
16.7
18.0
0.0
8.7
10.8
11.5
8.7
12.2
22.2
5.7
13.3
0.0
14.5
9.7
18.2
16.2
18.5
12.5
13.9
5.4
14.5
19.4
8.0
13.8
18.0
15.8
13.8
10.9
11.8
6.3
6.7
6.1
9.1
4.0
14.8
21.1
22.7
3.7
13.5
16.1
3.3
20.5
11.8
12.5
8.0
3.3
14.3
5.9
7.3
11.9
3.6
14.7
24.2
22.2
4.2
22.2
23.6
20.5
11.8
13.3
8.2
13.9
6.3
18.2
13.3
4.3
12.1
7.1
2.0
16.7
32.3
4.2
3.4
25.0
16.7
11.1
28.8
14.6
7.7
0.0
14.9
14.6
23.1
8.7
20.9
15.0
12.5
7.1
7.1
9.3
16.1
17.2
8.3
10.6
2.6
9.1
13.6
0.0
20.0
7.7
8.6
5.7
2.9
11.1
9.1
8.0
25.0
12.1
18.5
31.8
8.0
5.9
13.3
10.0
10.7
11.1
10.5
25.0
22.0
14.8
24.1
20.4
13.0
5.9
8.3
15.2
9.1
3.0
17.5
4.9
11.9
16.2
15.6
17.0
9.1
2.9
7.0
6.7
24.1
14.3
20.6
20.0
3.0
10.7
12.5
10.0
12.0
3.7
19.4
22.0
17.6
25.9
4.4
14.6
2.8
6.3
5.4
21.2
8.8
13.4
14.0
24.4
18.5
16.7
11.1
5.9
3.0
8.7
5.6
2.4
14.8
19.6
14.7
13.9
4.2
4.8
4.1
0.0
21.1
8.7
14.5
14.0
12.5
15.2
22.9
19.4
13.8
2.9
5.7
15.8
2.4
10.3
12.2
0.0
14.3
28.6
12.5
8.1
26.2
24.5
12.5
3.3
23.4
24.1
10.7
25.0
5.6
28.1
3.1
15.6
0.0
10.5
17.3
13.3
20.9
14.5
20.0
5.9
20.0
16.2
13.9
25.6
2.9
20.7
12.2
9.4
16.1
5.9
18.0
16.3
11.8
16.9
10.5
13.3
20.8
16.1
19.4
13.0
5.3
19.0
10.5
0.0
10.9
7.7
18.5
4.2
10.3
18.8
7.7
5.6
21.9
8.3
9.1
18.9
29.6
32.3
18.9
14.6
27.8
17.2
27.6
3.8
17.9
13.9
10.3
15.2
8.1
12.1
11.9
4.5
3.8
10.7
5.4
6.1
12.1
12.0
21.7
18.0
7.1
9.1
6.7
8.1
11.1
7.9
12.5
19.4
8.7
0.0
0.0
15.0
6.3
0.0
21.1
6.3
3.1
15.0
6.3
17.5
9.1
22.8
0.0
7.4
7.0
12.2
14.6
11.1
8.0
7.9
27.3
13.5
17.9
21.3
26.3
11.8
8.8
10.8
7.7
5.0
19.4
9.8
12.2
13.6
3.0
14.8
24.2
3.7
15.6
14.3
11.9
8.0
20.5
0.0
12.9
15.4
5.0
2.5
7.9
17.2
10.5
5.6
6.3
14.6
20.7
14.7
16.2
6.8
6.7
12.3
13.6
22.7
14.3
8.3
3.6
8.8
16.3
0.0
8.3
9.5
5.4
11.1
9.8
4.4
18.8
23.5
10.8
8.8
17.1
12.7
20.0
13.2
20.0
0.0
20.3
16.3
13.6
18.6
8.8
10.3
12.5
5.0
10.1
5.9
6.0
23.7
15.2
9.8
5.6
12.5
14.8
8.7
10.9
9.4
4.5
13.0
23.5
7.1
0.0
13.2
11.9
21.6
18.8
23.3
6.4
16.7
10.0
18.2
14.6
8.0
9.7
12.9
19.3
9.1
22.0
10.0
16.7
4.0
9.7
16.2
23.1
18.9
0.0
18.8
13.6
17.5
0.0
25.0
18.8
25.0
17.5
10.0
8.3
0.0
0.0
24.3
13.5
6.1
10.0
7.5
0.0
3.3
7.7
12.1
26.6
3.6
19.0
7.1
23.1
20.0
13.3
5.9
8.6
4.2
18.8
6.4
2.8
14.0
5.4
7.7
14.1
5.9
6.5
14.6
10.3
6.5
6.7
5.4
15.0
20.3
13.5
16.7
5.0
12.5
13.2
9.8
9.4
13.9
13.3
17.1
2.9
2.6
11.5
5.0
17.8
3.7
12.1
13.6
6.5
9.1
12.8
3.2
14.7
25.0
20.3
16.2
20.0
9.1
15.7
12.8
15.6
18.8
3.4
13.3
0.0
0.0
7.8
7.1
13.2
13.5
22.9
5.1
10.0
8.0
19.4
13.3
11.5
0.0
19.0
10.0
19.0
17.6
11.6
11.6
20.0
18.5
20.6
16.4
18.9
21.2
17.6
11.8
14.7
22.4
20.3
18.5
5.7
20.0
6.9
6.5
16.1
25.0
14.3
8.3
3.0
6.9
11.6
13.2
5.9
9.1
24.5
17.9
16.7
26.5
8.3
25.5
16.7
14.7
10.0
6.4
10.7
13.0
10.8
8.1
5.7
0.0
12.1
6.7
14.3
12.0
15.2
14.6
10.5
11.4
20.6
9.8
8.3
14.3
2.7
3.2
14.5
8.8
6.9
2.9
9.5
11.8
14.7
12.1
0.0
0.0
10.9
15.6
5.1
6.5
8.3
6.7
21.4
11.3
10.0
11.4
12.0
10.7
19.4
25.0
15.4
16.9
21.4
26.3
14.3
12.5
0.0
6.3
17.9
32.7
24.6
14.3
6.1
6.5
6.1
9.1
9.7
9.1
7.9
13.2
4.9
20.0
14.6
15.8
15.6
12.7
18.2
12.8
11.8
13.2
3.7
0.0
17.3
14.3
23.5
6.9
12.8
16.2
7.7
7.3
19.7
11.8
3.2
17.4
0.0
4.8
11.4
11.4
10.6
12.0
16.1
7.3
4.9
4.0
15.2
7.0
13.9
17.6
8.8
18.0
9.3
6.9
6.3
4.2
6.7
10.9
4.9
6.5
10.3
3.4
8.8
11.1
18.2
5.4
5.6
5.7
6.5
10.3
11.1
9.8
13.2
13.8
18.4
2.4
13.5
11.6
2.4
8.9
4.0
15.8
11.7
0.0
16.7
9.5
7.9
8.8
6.5
15.3
0.0
12.0
3.6
18.8
0.0
0.0
7.1
15.4
16.7
8.3
0.0
6.1
0.0
7.9
9.5
24.2
5.6
18.2
11.5
14.3
14.3
11.9
27.1
13.3
16.7
16.7
3.4
13.9
11.1
18.2
22.0
3.8
11.1
22.2
7.7
29.0
20.0
12.5
16.4
5.3
15.0
0.0
10.3
25.0
7.7
5.9
6.5
8.7
15.5
3.2
2.9
4.0
0.0
2.4
16.4
0.0
15.0
12.1
9.1
18.6
14.3
11.3
7.3
14.5
9.3
10.2
0.0
0.0
10.3
14.3
2.9
9.5
20.0
9.7
3.1
8.7
6.5
10.3
19.0
9.1
9.8
2.7
0.0
14.7
12.5
5.7
16.7
5.0
14.5
11.9
6.3
14.3
17.4
10.5
18.9
5.3
16.2
7.7
13.8
11.1
10.8
18.2
12.0
16.4
13.5
8.3
22.2
12.1
14.3
8.3
25.7
20.0
14.7
5.0
0.0
18.6
15.4
0.0
12.7
22.6
6.7
14.3
4.3
7.5
10.7
9.5
13.7
16.0
21.2
6.9
5.4
14.3
6.7
10.3
5.6
4.0
13.1
12.1
9.1
6.2
2.4
11.1
15.2
8.0
13.9
9.3
7.1
10.3
4.0
6.3
20.4
32.0
21.4
0.0
10.9
5.1
3.8
18.4
9.5
18.2
23.5
11.7
0.0
8.3
16.7
7.7
3.7
6.7
28.8
17.3
11.1
11.4
19.4
6.5
17.9
8.3
10.8
4.2
9.1
16.7
20.0
13.8
15.0
9.1
14.3
7.7
5.6
5.4
3.8
2.9
15.2
4.3
5.4
6.5
4.9
9.1
11.3
0.0
17.2
14.3
9.7
4.3
18.2
15.9
12.8
4.7
5.9
5.3
11.1
5.9
2.5
8.2
17.0
11.4
18.9
11.1
15.6
20.8
14.8
3.2
16.7
17.1
16.9
0.0
12.9
7.1
13.2
15.6
15.0
14.6
11.1
20.7
0.0
9.5
30.0
5.9
11.5
10.7
20.3
13.5
8.7
11.4
11.1
6.9
10.3
3.0
15.0
19.2
24.2
21.1
3.6
0.0
16.3
7.9
27.1
0.0
12.0
10.8
11.4
27.5
10.3
12.8
14.6
7.9
20.0
13.5
11.1
6.3
5.1
11.5
0.0
17.9
12.9
0.0
11.9
12.2
7.4
2.9
11.4
11.8
6.1
9.8
7.5
10.0
13.5
9.7
10.0
14.3
14.3
17.2
2.9
10.9
9.5
18.8
19.0
13.3
17.3
7.4
7.1
7.4
0.0
10.0
3.4
29.6
11.6
5.4
9.1
6.9
11.7
7.4
9.1
8.3
7.9
12.8
10.7
13.0
9.8
17.9
14.7
10.0
8.1
14.8
8.8
26.7
18.8
6.1
19.1
22.9
15.6
12.5
12.0
17.0
8.3
6.1
5.9
13.6
11.1
13.6
3.3
11.1
13.5
5.4
18.9
17.4
10.5
10.3
18.8
11.8
16.7
13.9
13.6
13.0
0.0
14.8
16.0
18.9
15.9
6.3
11.8
28.3
17.6
19.3
9.8
9.7
13.3
7.4
5.3
13.6
20.0
16.1
7.5
23.7
20.0
11.3
16.4
0.0
15.2
15.7
9.3
16.1
18.8
20.4
19.2
21.7
15.2
6.1
9.7
23.8
10.7
15.0
20.4
4.8
24.0
13.3
7.3
13.5
17.8
14.0
10.0
12.3
10.5
13.0
28.6
11.5
27.8
8.0
23.5
13.9
26.3
14.3
3.0
14.7
18.9
12.5
17.2
9.1
13.6
5.0
13.9
4.8
12.5
7.0
19.4
34.0
23.6
11.5
15.0
10.0
16.7
19.5
6.3
6.3
18.9
14.8
4.2
12.2
10.5
11.4
11.9
10.0
11.6
2.8
19.0
4.2
12.5
11.9
18.9
14.3
15.6
9.7
8.5
11.8
15.6
9.1
20.6
17.1
24.1
15.2
19.0
18.2
14.3
2.8
11.1
13.7
8.7
10.0
6.3
20.6
4.9
17.8
12.8
5.6
10.2
7.4
11.9
8.8
4.8
9.3
5.9
8.8
13.2
12.5
0.0
5.3
10.0
7.7
14.3
6.1
16.7
6.5
8.6
0.0
5.9
7.7
5.0
14.6
22.8
16.2
6.5
3.2
11.6
25.6
12.0
6.7
12.8
13.0
8.1
17.6
10.5
8.0
14.5
10.5
17.9
11.1
5.4
8.9
16.3
12.9
25.7
14.6
8.2
3.4
2.9
15.0
12.5
6.9
19.7
5.6
7.4
9.7
5.0
14.3
17.5
5.7
26.6
16.7
9.1
13.6
10.7
9.1
18.5
12.9
15.4
27.7
20.3
4.0
10.8
13.2
7.1
12.1
13.1
11.8
22.0
0.0
6.1
8.7
10.3
16.0
13.5
0.0
15.9
18.4
12.0
22.6
4.8
8.3
5.7
14.3
11.8
13.3
3.0
11.8
11.1
7.9
19.4
20.0
13.0
6.5
7.5
24.3
17.4
7.8
7.1
13.0
4.2
3.8
10.3
11.1
9.3
12.5
21.1
15.0
19.4
16.1
9.4
10.9
8.7
10.0
15.4
44.7
28.6
24.4
20.0
23.1
20.8
17.6
25.9
6.7
24.1
22.2
9.1
7.8
12.0
11.1
0.0
15.5
12.2
14.0
20.6
14.3
14.3
10.0
13.5
13.8
18.5
10.3
4.0
15.4
17.2
8.1
7.8
7.5
10.0
9.3
7.5
0.0
4.3
14.6
12.0
5.6
10.9
8.1
13.2
8.5
10.0
10.9
19.4
11.1
9.1
18.5
15.0
27.8
14.3
16.3
10.3
0.0
14.5
13.5
8.6
8.5
25.0
7.3
40.4
25.4
25.5
14.3
7.4
14.7
37.0
25.0
23.5
11.5
10.5
3.0
14.3
10.3
13.9
11.8
16.2
15.8
23.3
16.7
10.8
6.9
17.4
0.0
11.4
11.7
11.1
2.0
18.2
18.8
7.5
14.6
21.3
17.9
17.1
17.1
19.4
3.6
16.1
16.1
13.6
8.6
15.4
6.9
17.5
11.5
11.8
10.7
5.4
9.1
8.3
6.3
16.7
13.3
15.4
4.9
8.8
6.5
8.5
11.1
9.4
3.1
4.2
20.0
19.2
15.5
5.7
5.1
15.2
10.8
7.4
0.0
22.0
17.6
9.1
28.8
14.3
16.7
5.7
3.4
13.8
15.0
7.1
2.9
4.0
4.0
22.2
5.3
14.3
0.0
14.7
21.2
12.5
24.1
6.3
3.3
14.7
14.7
19.0
8.9
17.4
8.0
10.7
0.0
16.4
13.9
6.5
17.2
9.1
9.8
7.3
9.7
8.1
10.0
3.1
11.9
10.0
5.3
6.5
7.5
13.8
2.4
8.1
7.7
9.7
3.3
18.6
12.8
4.8
6.3
15.0
18.2
11.1
15.2
2.3
10.6
21.9
12.9
5.3
10.3
18.9
16.7
14.9
20.0
2.9
9.3
17.6
5.3
8.0
4.7
9.5
10.8
14.3
4.5
27.3
11.8
8.7
4.8
14.6
12.5
8.3
11.5
18.2
2.6
10.3
10.7
5.6
16.3
14.7
15.0
9.4
6.3
5.6
14.8
10.8
4.2
9.0
27.3
12.5
15.4
7.3
7.7
9.1
13.8
13.8
11.1
22.9
14.3
0.0
17.1
19.5
12.9
17.6
12.1
8.8
16.0
14.3
6.7
3.6
2.8
15.5
22.6
15.2
11.1
0.0
16.0
17.6
17.9
0.0
5.3
11.5
15.4
17.1
16.3
10.2
10.7
26.7
22.2
15.2
15.4
17.9
12.2
12.0
14.7
5.7
11.3
12.5
0.0
0.0
3.2
8.7
7.7
16.1
4.2
13.3
13.3
8.6
17.3
16.2
16.7
16.0
19.2
6.3
7.8
2.4
7.1
6.4
12.9
14.3
25.6
14.5
4.3
14.8
14.0
2.2
8.6
11.7
15.4
6.5
11.4
12.9
10.9
13.2
5.6
9.4
13.1
11.1
5.6
5.0
12.5
18.4
4.9
22.2
12.5
15.2
8.1
3.4
16.0
9.1
19.5
16.9
15.6
15.6
12.8
10.7
9.7
6.9
3.0
19.0
4.8
16.1
4.1
0.0
22.4
15.0
14.6
17.6
22.6
27.9
10.0
0.0
4.0
12.8
6.8
5.7
5.0
23.4
21.2
15.0
13.8
12.5
15.6
3.4
12.3
15.3
10.7
14.3
8.8
9.5
8.9
16.7
12.5
9.8
25.0
10.0
19.0
2.9
3.2
12.5
0.0
18.9
7.1
11.8
7.1
0.0
20.0
13.1
12.8
10.5
16.7
0.0
4.0
14.8
2.7
12.1
5.3
5.7
8.0
10.8
13.0
8.1
7.1
0.0
11.8
15.9
6.5
22.6
10.0
14.0
12.0
7.1
0.0
12.1
10.0
19.4
4.6
4.3
14.7
9.8
19.2
11.5
4.1
0.0
18.0
12.8
7.1
14.3
20.4
21.6
20.0
11.5
29.4
5.4
14.3
10.9
23.3
6.3
6.1
0.0
8.0
12.8
10.3
0.0
7.1
14.3
19.2
9.5
12.2
6.3
10.3
6.0
15.0
13.6
8.8
9.7
0.0
7.4
5.0
0.0
12.3
18.0
14.3
13.0
15.0
6.1
13.5
23.3
6.7
18.2
18.2
17.6
13.5
19.1
7.7
3.1
13.0
12.9
8.1
0.0
0.0
10.3
10.0
21.2
23.6
20.3
32.5
14.7
13.8
15.6
6.5
21.7
10.0
10.7
10.0
3.0
20.0
14.6
19.6
13.8
12.3
0.0
0.0
7.7
9.1
24.4
12.1
6.1
25.7
17.9
11.9
12.1
20.0
26.0
9.7
21.4
17.9
24.6
16.7
17.4
4.5
10.3
11.8
17.1
8.8
21.2
7.4
11.9
3.0
13.6
11.4
14.9
22.7
16.9
7.5
17.9
17.9
8.3
10.0
15.5
3.3
22.0
25.7
16.7
6.9
3.2
3.0
20.3
9.1
18.5
0.0
7.1
13.5
10.4
11.8
15.8
17.2
9.5
8.7
7.7
6.3
13.7
0.0
21.5
47.6
13.0
23.4
12.5
5.6
39.2
15.4
13.5
23.4
3.6
16.1
6.9
26.7
12.5
12.0
4.8
11.1
12.7
17.5
13.8
9.4
11.6
15.8
19.0
16.7
5.9
16.7
0.0
4.8
17.5
6.5
12.5
15.0
21.9
11.4
2.9
13.5
9.8
7.4
17.3
10.0
19.0
14.3
15.8
6.9
8.5
7.1
34.0
9.8
16.2
10.0
10.0
11.5
10.0
12.9
11.8
14.3
10.9
6.1
6.4
5.3
4.0
2.3
15.3
5.3
8.1
11.4
23.1
13.8
13.9
9.1
28.0
10.5
17.2
8.2
13.2
18.6
17.1
12.9
16.4
11.1
11.8
6.7
9.4
8.3
17.0
9.1
15.3
7.9
3.7
7.9
13.8
4.0
5.6
17.4
16.7
7.1
19.0
4.5
12.0
14.3
9.1
8.8
10.2
6.7
2.9
13.7
0.0
2.9
9.8
3.3
11.1
18.8
20.0
3.3
18.4
7.7
27.5
18.4
10.8
12.1
18.3
17.2
9.1
8.7
20.0
7.9
10.3
5.0
14.3
19.4
10.4
15.9
3.7
11.1
14.1
10.5
10.0
16.7
19.4
6.7
18.2
4.2
24.1
18.2
23.5
3.8
3.1
7.5
14.8
13.2
17.5
8.3
14.6
15.8
6.1
11.4
29.2
20.0
12.1
0.0
9.1
10.4
9.1
11.1
0.0
12.5
