52.9
90.0
56.0
57.1
60.0
72.7
77.8
78.1
58.7
73.8
75.8
75.9
69.0
52.9
77.8
76.7
57.1
38.9
75.0
68.8
61.0
65.0
63.9
63.0
66.7
80.0
61.9
58.0
73.3
68.4
60.3
64.7
68.8
63.3
82.4
58.5
59.5
61.5
58.0
50.0
69.2
48.8
63.0
68.4
61.5
50.0
72.7
56.5
59.3
51.2
70.0
53.0
50.0
68.8
60.0
58.3
74.5
50.0
72.2
75.0
58.1
65.5
48.0
64.8
65.9
77.4
68.0
76.6
64.9
55.9
75.8
80.6
74.4
80.4
58.3
77.6
66.7
63.9
94.1
87.5
52.6
63.6
65.9
100.0
74.4
50.0
80.0
73.5
50.0
71.9
61.8
56.7
53.7
71.7
55.0
73.3
58.3
64.9
57.1
71.1
61.7
58.8
64.2
65.5
67.6
51.4
64.5
51.7
62.5
52.2
54.5
63.2
60.0
71.4
62.1
62.5
71.4
50.0
73.7
52.8
52.4
68.1
77.3
76.7
54.1
66.7
47.6
61.1
77.8
81.4
70.3
54.8
55.8
61.9
66.1
118.6
83.3
91.3
76.9
85.7
135.7
103.2
58.3
57.1
59.1
74.4
61.1
58.7
72.5
58.5
48.5
64.5
60.6
63.0
83.7
75.0
50.0
67.4
61.5
75.8
63.2
51.4
65.5
68.1
62.8
52.6
88.0
70.2
70.7
66.7
105.0
95.8
82.1
44.1
54.3
55.9
58.1
48.8
74.2
69.2
70.3
46.5
71.4
57.6
74.6
133.3
103.7
86.0
65.2
85.3
63.3
68.9
62.5
72.0
70.3
62.2
70.4
75.8
55.6
67.3
66.1
58.8
61.2
52.9
43.8
63.9
74.5
121.1
68.4
70.0
76.2
66.7
64.7
61.0
70.0
61.4
77.3
48.6
70.0
81.8
53.8
71.4
55.1
62.5
68.1
64.7
66.7
81.0
66.7
52.0
66.1
66.7
71.9
67.6
68.0
64.0
63.0
61.1
64.1
68.8
67.5
64.3
59.5
58.5
61.0
69.0
67.3
70.0
50.0
48.6
54.8
64.5
64.4
55.6
61.1
68.0
65.5
62.2
64.7
63.6
64.6
50.0
61.5
72.4
59.3
63.8
72.7
71.4
76.6
45.9
53.1
63.8
71.9
65.4
71.4
74.2
68.0
48.6
70.8
46.2
64.7
64.5
81.0
90.5
64.7
63.4
63.2
69.8
59.1
73.1
78.9
72.9
74.5
67.7
62.2
66.7
76.7
63.4
72.4
78.2
70.8
58.1
62.3
66.7
62.2
77.4
61.7
54.5
53.3
56.8
52.4
64.7
53.7
66.7
84.6
75.0
62.2
63.6
66.7
83.9
63.9
62.2
73.3
64.5
60.0
60.0
73.7
51.4
64.7
82.9
74.2
77.8
71.9
63.3
73.1
77.8
53.8
62.1
65.5
69.2
68.2
57.6
50.0
75.0
67.6
65.8
50.0
68.9
53.3
52.8
69.7
52.8
64.3
44.1
64.5
64.5
66.0
72.0
64.1
73.7
69.4
53.1
68.8
50.0
62.1
63.4
78.3
79.3
65.9
58.1
75.8
73.5
78.3
59.5
61.9
124.0
68.2
70.4
59.5
58.6
60.0
38.7
62.1
80.4
73.7
65.1
59.3
100.0
73.0
81.3
54.8
56.7
66.7
62.5
50.0
48.4
68.6
55.9
65.0
45.0
53.7
58.5
66.7
62.9
60.0
54.2
70.6
78.3
82.5
73.9
82.1
67.7
66.0
41.7
68.6
68.4
57.1
53.1
63.4
53.6
65.7
65.7
56.5
77.8
57.9
59.6
84.6
74.0
71.7
65.7
61.5
75.0
71.4
71.4
54.8
65.1
52.4
62.1
66.7
47.4
57.6
60.7
56.8
65.3
64.6
53.3
64.3
88.9
60.0
54.0
86.4
71.4
57.1
62.8
55.7
72.0
63.3
51.6
67.6
76.2
70.6
61.3
62.3
56.4
56.9
59.5
66.7
51.9
64.3
46.3
64.7
66.7
56.3
48.9
65.0
63.3
54.3
39.5
72.0
68.4
64.3
89.5
67.9
60.0
61.7
48.6
48.1
69.0
72.1
57.8
72.7
73.3
63.9
69.0
66.7
65.5
62.2
67.6
65.2
41.2
72.2
76.0
57.7
69.6
48.6
67.3
82.6
63.3
61.1
51.4
68.9
58.8
67.3
64.5
59.1
62.2
63.0
62.5
55.6
59.5
58.2
80.6
56.0
65.5
66.0
50.0
53.8
60.9
82.4
50.0
56.7
60.6
59.1
68.0
54.1
42.1
88.6
63.0
78.4
77.4
53.3
66.7
79.4
71.9
52.0
73.3
81.0
56.9
56.1
71.4
67.9
76.5
75.8
72.2
70.8
61.1
63.6
53.8
67.6
56.7
71.4
55.6
78.1
54.5
60.0
47.8
84.8
87.5
66.7
73.3
87.1
54.2
86.2
63.6
86.7
61.1
82.7
87.5
84.6
68.8
72.3
73.2
66.7
60.9
69.8
72.5
71.9
59.5
61.9
53.5
73.2
86.2
52.8
68.1
71.8
54.5
68.2
72.7
70.0
53.8
82.9
88.6
67.6
86.1
56.4
60.0
65.4
72.7
72.2
59.1
64.0
52.9
60.0
76.7
75.0
72.2
63.2
68.2
48.8
66.7
58.6
65.3
65.2
58.8
58.3
67.4
54.5
63.6
65.0
51.2
76.2
56.8
68.8
74.5
61.4
76.5
62.8
42.2
66.7
50.0
79.4
67.5
78.8
82.1
66.7
53.3
36.0
55.6
52.8
65.9
73.5
69.0
64.4
58.5
50.0
81.3
32.4
66.7
64.7
62.7
62.8
73.3
81.5
71.2
61.1
52.9
69.7
60.9
61.1
63.4
70.5
73.2
67.6
69.4
79.2
81.0
59.2
73.0
71.9
52.2
58.2
69.8
71.9
63.6
60.0
69.4
67.2
62.9
57.1
54.4
56.1
44.8
51.0
45.2
61.9
60.7
83.3
62.2
61.9
73.6
59.4
36.7
64.1
62.1
57.1
59.6
52.8
59.4
71.9
56.3
68.8
73.7
75.0
70.0
65.1
72.7
71.4
70.6
54.3
62.2
75.0
76.9
64.7
89.7
57.1
62.5
80.6
64.7
65.6
62.8
70.6
73.8
76.3
56.7
79.2
77.4
94.4
56.5
57.9
60.3
73.7
73.5
54.7
66.7
63.0
79.2
51.7
84.4
84.6
86.1
59.4
66.7
66.7
62.3
55.6
83.9
67.6
60.4
66.7
86.2
63.8
69.2
78.6
77.8
58.6
63.6
56.8
66.7
64.4
56.8
53.8
57.1
54.1
48.5
69.7
68.0
63.3
76.0
64.3
60.6
63.3
62.2
55.6
55.3
67.9
67.7
78.3
56.0
67.7
55.0
59.4
65.0
56.1
46.9
62.5
75.0
65.6
62.5
63.6
64.9
81.3
66.7
51.2
68.3
61.0
74.1
52.0
52.6
72.7
62.2
56.4
57.4
73.7
58.8
64.7
54.1
76.9
57.5
63.9
51.2
73.2
61.4
66.7
57.4
68.2
77.8
62.5
35.7
61.9
48.0
61.5
71.4
50.0
53.8
75.0
57.5
44.7
65.5
63.2
100.0
53.1
62.5
62.1
94.1
73.0
81.8
63.3
60.0
71.2
63.6
76.2
79.2
53.6
55.9
58.1
85.7
62.5
50.0
56.8
48.9
82.9
42.2
56.3
64.7
64.9
58.8
53.7
63.6
60.0
49.1
72.0
106.3
72.9
73.5
68.2
79.1
64.7
58.6
60.9
80.0
65.2
76.5
78.0
78.9
63.0
75.6
63.9
62.5
59.3
54.3
56.5
53.1
59.1
45.7
66.7
85.7
47.1
75.5
52.4
62.7
68.8
60.0
55.3
58.3
52.5
56.4
53.7
88.0
71.0
64.5
68.4
69.7
74.6
63.3
95.8
48.0
71.0
64.9
84.6
56.8
66.7
62.5
59.1
65.0
53.6
68.2
68.8
60.0
63.2
63.3
66.7
72.0
76.7
67.6
67.6
63.6
72.5
72.5
58.3
103.3
57.7
66.7
68.8
71.4
66.7
50.0
80.8
71.4
60.0
73.5
56.9
54.2
75.0
72.3
72.2
64.0
75.7
61.5
64.1
64.7
87.1
72.9
72.4
58.1
83.3
56.8
61.7
47.5
62.2
63.9
80.0
66.7
60.5
61.0
88.7
72.2
73.3
53.7
64.7
63.2
80.8
90.0
71.1
70.4
57.6
63.6
58.1
48.5
59.0
45.2
55.9
82.1
61.0
64.9
68.0
40.9
51.0
64.1
68.8
68.8
62.1
76.7
90.5
42.9
60.8
61.9
78.9
59.6
60.4
56.4
63.3
92.0
61.1
40.0
69.2
70.0
61.9
63.3
59.5
58.8
55.8
62.8
50.0
51.9
47.1
65.5
56.8
54.5
76.5
55.9
70.6
67.2
57.6
55.6
65.7
75.0
69.0
71.0
76.8
58.3
68.6
50.0
63.6
79.3
60.5
71.1
64.7
54.5
71.4
71.4
52.4
77.6
63.9
58.8
90.0
91.2
70.0
61.7
60.7
59.3
81.1
59.5
80.0
75.0
70.7
80.0
90.5
60.0
60.6
61.0
55.3
65.7
60.3
48.8
75.0
78.6
64.9
58.1
74.5
76.5
69.0
70.6
76.2
52.9
55.9
57.6
70.0
76.5
60.0
75.6
69.2
71.0
68.8
53.3
57.1
46.8
57.5
63.6
64.0
75.0
63.9
50.0
74.4
62.7
73.2
57.9
114.3
79.2
104.0
71.9
75.0
72.7
67.7
57.1
54.5
71.0
72.7
69.7
58.1
57.6
57.9
62.3
82.9
60.0
70.8
47.4
51.6
71.4
66.7
59.0
58.8
73.7
81.5
63.2
61.5
85.7
61.8
62.1
59.6
59.5
80.8
61.0
52.5
82.4
71.0
91.3
69.2
66.7
65.9
60.0
63.8
72.0
51.6
65.9
53.7
40.0
58.7
51.2
75.0
67.6
67.6
68.0
58.1
72.4
50.0
62.5
66.7
63.0
58.5
54.8
61.5
65.5
52.9
61.1
80.0
70.3
41.7
57.1
64.5
58.6
70.4
65.9
57.9
51.7
63.2
61.0
56.8
48.8
61.0
53.3
64.0
63.2
61.7
65.2
62.5
47.6
42.1
52.9
48.4
54.2
55.9
70.0
53.6
65.6
82.8
65.7
66.7
66.7
50.0
70.8
69.0
63.6
56.7
52.6
57.1
60.6
61.1
60.0
65.4
60.0
59.2
42.9
62.5
70.0
70.8
70.0
51.7
61.1
71.1
60.6
48.0
73.1
66.7
61.1
92.3
74.2
60.0
75.0
59.0
84.2
77.5
52.0
87.2
70.0
69.2
76.5
83.9
73.9
77.6
48.4
58.8
56.0
63.3
65.9
58.2
81.3
35.0
69.7
47.7
61.0
50.0
60.4
65.5
67.3
59.3
53.1
118.2
69.2
59.0
45.2
41.2
57.1
56.7
58.1
71.9
69.6
61.3
61.5
51.7
68.2
62.3
56.8
80.8
73.5
57.5
62.9
63.9
95.0
75.8
61.0
78.1
63.3
108.7
71.1
63.5
84.2
54.1
64.1
86.2
88.9
64.9
50.0
56.0
61.2
75.7
61.1
73.3
63.6
54.3
72.2
54.3
70.9
61.8
57.5
63.2
55.9
64.1
67.7
61.8
74.2
50.0
60.0
76.1
52.5
67.9
61.9
54.9
76.0
62.1
69.0
54.1
64.3
63.3
69.2
72.2
72.0
70.5
78.8
63.6
55.4
51.2
75.6
75.8
68.0
69.4
74.1
54.8
55.2
60.0
43.8
48.1
88.0
75.0
71.0
67.4
56.4
65.4
76.3
59.5
81.8
52.9
55.0
56.3
75.0
75.0
74.4
81.5
93.3
62.7
63.5
64.8
61.4
91.7
83.9
66.1
55.6
67.6
70.8
72.7
66.7
70.0
69.0
66.7
40.9
66.7
38.5
75.0
56.8
73.1
61.8
45.5
60.9
56.8
73.9
68.3
84.8
66.0
72.7
59.4
57.1
58.1
59.6
72.7
77.3
66.7
44.2
47.1
84.2
55.6
60.8
77.5
49.0
70.2
51.4
60.4
72.2
71.9
75.0
63.0
58.1
80.0
51.4
61.0
66.7
64.5
71.4
57.9
68.8
65.0
61.0
55.6
89.7
46.2
71.4
66.7
73.5
69.2
82.1
52.5
62.2
56.5
56.8
48.1
69.0
59.0
60.6
70.0
80.8
69.7
81.6
57.1
53.3
65.3
47.4
59.3
52.9
60.0
51.4
57.1
55.0
71.8
71.8
53.7
55.3
140.0
73.0
61.1
50.0
66.7
42.3
76.9
62.5
74.2
52.0
61.9
51.2
55.6
60.0
45.7
73.5
72.7
82.4
54.7
62.5
51.4
54.8
55.0
76.2
65.7
79.3
67.6
57.8
61.9
72.9
62.1
63.3
73.1
66.7
59.5
81.5
58.3
63.3
82.8
92.6
84.1
64.9
75.8
62.1
73.3
92.6
72.7
81.7
50.0
87.2
75.0
67.4
56.9
48.7
97.1
55.0
94.6
96.3
88.2
71.1
87.5
69.7
66.0
62.9
78.1
66.7
48.0
57.4
61.1
54.5
70.6
45.8
55.6
54.5
70.0
53.7
67.6
48.6
79.2
78.3
71.1
65.5
81.3
76.5
54.2
75.0
59.3
63.0
64.3
74.1
56.0
70.3
72.7
56.3
70.6
60.4
61.8
57.9
46.3
45.2
60.0
59.3
73.7
54.5
72.7
58.1
52.5
65.8
66.7
56.6
65.7
114.3
45.5
60.8
44.2
83.9
37.5
55.1
57.7
66.7
63.6
54.5
64.5
71.4
60.7
60.0
75.9
61.9
64.0
46.7
61.0
73.0
73.3
66.0
70.0
73.7
60.5
69.6
71.4
65.4
69.4
60.0
64.7
80.6
92.1
59.2
69.7
79.4
97.3
70.8
46.9
54.5
68.2
65.0
61.1
54.8
72.5
51.2
67.7
75.5
78.2
92.3
62.5
60.0
63.3
78.0
52.1
68.8
84.9
72.2
83.3
75.5
55.3
48.6
83.1
80.0
67.4
61.1
71.4
87.5
67.5
69.0
62.3
76.2
68.8
67.7
66.0
58.8
48.9
42.4
67.6
65.9
75.9
80.4
76.2
68.2
69.4
58.3
81.5
80.4
47.8
76.7
71.9
57.1
53.7
62.2
69.2
52.8
62.7
74.1
54.8
67.6
61.9
65.1
70.6
66.7
62.3
71.9
66.7
63.2
62.0
69.2
68.6
51.5
63.3
45.2
60.0
58.3
70.6
66.7
40.0
64.6
70.2
54.1
74.2
74.2
53.5
79.5
80.0
76.7
53.8
58.7
70.3
68.6
55.3
56.0
64.5
94.7
66.7
74.1
70.3
66.7
73.5
67.7
62.9
53.7
62.3
51.7
62.9
60.0
62.5
69.0
57.6
52.8
70.4
45.2
72.5
57.1
80.0
66.0
60.9
63.3
78.8
54.5
57.1
65.5
59.3
58.1
65.4
66.0
64.4
44.0
62.2
60.5
67.9
63.6
63.9
58.8
64.4
62.2
72.7
56.5
62.1
72.0
75.0
53.3
61.9
68.4
108.0
77.4
57.1
61.1
62.9
60.3
73.5
71.1
60.6
76.5
66.7
60.5
63.9
80.0
63.0
41.9
65.0
73.0
52.2
62.7
58.9
43.5
83.3
61.5
48.3
52.8
55.8
53.1
61.4
70.0
64.5
69.6
59.4
63.0
91.3
72.5
69.2
81.6
71.4
78.0
86.7
84.6
66.7
61.8
63.8
86.7
67.2
59.3
51.5
66.7
64.0
63.9
64.3
56.9
63.4
60.5
52.9
64.3
69.4
56.7
64.9
60.0
83.3
84.6
72.0
46.2
58.6
62.2
72.5
62.3
80.0
90.7
65.0
40.0
59.6
68.3
44.0
58.3
82.6
70.3
63.2
55.3
72.5
54.5
56.5
58.3
72.7
66.7
55.0
63.9
54.8
67.4
46.2
66.7
66.1
70.3
60.0
66.0
87.5
50.9
73.7
62.7
76.4
76.2
85.2
76.5
85.2
75.0
61.8
88.5
63.2
66.7
66.7
82.8
50.0
61.8
62.2
73.7
63.3
73.8
70.3
86.2
63.0
45.5
54.5
63.3
72.2
63.3
72.7
64.6
67.5
48.8
63.9
73.2
57.1
80.0
71.0
85.7
58.1
87.1
57.6
62.9
64.1
51.7
52.5
73.1
64.7
60.7
73.0
81.8
63.9
62.5
66.7
66.7
69.2
39.0
67.6
61.3
61.7
58.3
50.0
75.0
60.4
64.0
71.2
62.1
51.4
56.4
63.6
62.2
59.3
94.7
96.0
94.1
118.2
78.8
69.6
69.0
85.7
103.4
58.6
63.3
57.1
62.9
68.0
44.0
70.4
55.3
54.8
50.0
55.9
57.6
55.0
68.5
62.5
53.3
44.1
79.4
58.7
51.1
73.9
60.0
60.7
31.4
67.2
69.4
87.1
75.9
68.2
78.0
63.4
83.9
77.4
80.0
59.4
69.0
70.0
65.8
52.2
70.0
63.1
76.2
62.2
53.8
77.4
73.3
72.1
66.7
81.0
62.5
71.7
81.8
64.4
78.8
63.6
55.3
59.4
54.8
55.3
55.2
73.0
77.8
61.7
64.0
60.0
67.4
61.8
63.2
84.0
48.8
61.9
54.1
58.7
81.8
70.5
67.6
65.2
61.9
64.6
62.5
66.7
59.0
65.5
56.4
100.0
75.0
66.7
55.8
70.6
40.0
84.4
58.3
72.2
63.0
54.1
58.3
65.7
93.9
65.0
69.2
63.4
96.2
69.7
79.3
72.4
66.7
65.7
67.3
44.8
45.7
61.0
61.3
61.8
60.6
47.1
62.0
53.6
70.0
57.1
52.8
62.1
51.6
60.6
63.9
75.0
56.0
64.7
66.7
60.0
57.9
69.2
59.6
53.7
71.4
63.3
46.4
65.0
80.6
72.7
53.8
79.5
73.2
72.0
58.8
74.3
87.1
70.3
55.6
67.7
90.3
67.4
73.1
67.9
75.0
66.7
62.2
77.1
69.2
64.9
66.7
96.0
96.2
71.9
70.6
50.0
64.3
61.7
54.8
85.7
81.4
58.1
104.3
85.2
79.1
67.4
77.1
68.3
80.8
74.2
63.6
64.5
65.5
78.9
52.8
68.8
49.2
61.1
72.2
80.0
66.7
76.3
56.1
52.4
78.1
66.7
70.3
65.5
80.0
69.7
61.0
73.8
50.0
62.2
85.1
67.9
67.7
82.8
63.6
50.0
66.7
55.4
51.0
72.7
67.3
70.0
53.7
47.1
66.0
55.7
66.0
118.2
52.0
64.1
43.2
68.6
55.0
71.9
61.5
65.0
65.5
60.4
50.0
58.6
63.2
61.0
78.6
76.2
64.7
64.3
71.1
83.3
112.5
75.6
86.1
60.0
69.0
58.8
58.1
55.4
50.0
64.9
60.7
58.8
50.0
62.1
68.6
55.7
53.8
70.2
77.8
76.0
60.0
77.8
45.9
81.8
73.7
52.8
54.0
67.6
66.7
62.2
67.9
60.0
64.7
58.7
80.6
71.0
68.3
58.1
68.0
57.1
61.5
70.7
75.0
67.7
60.0
63.0
64.7
67.2
73.1
63.9
57.1
90.9
72.0
79.5
42.9
71.4
96.3
64.9
64.0
84.6
100.0
83.8
45.7
51.6
70.0
59.4
77.6
70.0
76.0
66.0
53.8
60.7
71.4
69.4
75.0
50.0
67.3
79.2
72.4
58.0
67.5
71.2
52.9
58.1
62.1
66.7
70.0
50.0
66.7
62.3
68.6
73.9
90.0
49.0
73.0
63.3
93.3
68.2
69.7
62.7
62.2
51.1
64.1
68.8
73.9
53.2
67.6
110.0
45.8
66.7
75.0
63.6
74.5
62.7
67.5
67.6
82.8
65.6
54.8
68.1
40.0
78.6
63.3
57.6
50.8
65.9
58.7
52.3
53.8
69.7
58.3
57.7
31.8
46.3
60.6
75.8
74.3
64.1
71.4
60.6
60.0
70.0
54.8
76.2
67.9
65.2
73.8
95.7
68.2
58.6
61.8
70.7
50.0
57.7
74.1
54.8
66.7
56.8
56.8
70.2
54.5
49.2
45.0
75.0
66.1
66.7
56.7
67.2
60.0
67.8
71.4
90.0
72.4
71.0
60.6
62.5
63.6
51.9
66.7
60.7
64.9
56.3
55.9
78.9
53.1
66.7
69.6
69.2
81.3
74.5
58.3
75.4
85.7
82.6
76.6
46.9
72.2
103.9
51.3
62.2
60.9
60.7
53.6
79.3
60.0
67.5
40.0
66.7
51.9
65.5
52.5
79.3
81.3
67.4
76.3
75.9
76.2
67.6
59.5
72.2
81.0
65.0
74.2
58.3
70.0
56.3
62.9
68.6
64.9
43.1
59.3
75.0
75.0
60.3
73.5
86.8
62.1
87.2
57.1
60.4
63.4
59.5
66.7
62.5
65.4
70.0
64.5
67.6
60.7
78.2
60.6
59.6
57.9
92.0
48.8
54.2
68.4
64.9
68.2
57.7
65.5
75.0
45.5
74.0
63.2
62.1
73.5
66.0
74.4
68.6
54.8
47.8
50.0
50.0
76.7
75.0
72.2
47.2
63.6
52.5
71.1
70.4
68.4
69.0
80.0
66.7
52.2
66.7
71.4
64.3
95.5
76.0
76.2
63.6
70.6
62.7
53.3
67.6
64.7
58.1
57.1
53.7
40.0
83.3
75.0
72.0
63.3
57.9
71.8
60.8
57.1
73.0
66.7
51.7
55.2
60.6
60.9
56.0
63.2
74.4
60.0
62.9
69.4
66.7
70.5
74.1
66.7
54.7
105.3
66.0
73.3
67.7
46.7
70.5
62.5
79.3
72.7
70.6
69.2
71.9
75.5
66.7
60.5
47.6
66.7
66.7
45.6
66.7
65.9
58.3
77.5
53.4
89.5
68.2
64.6
57.6
58.3
57.5
50.0
