12.5
21.4
29.0
20.6
19.2
15.6
15.0
17.4
0.0
20.0
20.8
22.2
34.4
21.2
21.4
26.5
13.8
7.7
23.8
7.4
16.7
14.7
15.8
10.0
24.2
18.4
29.4
27.8
23.7
12.9
11.4
15.2
21.7
25.9
12.0
5.4
21.6
8.6
18.8
25.5
12.0
24.3
12.0
17.6
24.0
25.7
17.9
22.6
16.0
16.7
15.4
13.8
4.8
13.8
21.9
15.8
13.0
10.0
27.9
13.8
14.8
15.8
10.3
19.4
7.7
26.3
17.2
13.8
19.4
14.3
7.9
23.3
5.9
15.2
14.7
3.3
22.9
15.2
13.0
17.2
20.5
17.2
9.4
21.9
14.6
18.4
20.7
18.0
12.5
9.8
23.1
11.4
17.9
22.2
12.1
30.8
16.7
14.3
20.0
23.3
13.9
12.5
15.4
24.4
9.7
14.8
14.8
22.7
21.6
12.1
19.4
28.6
23.1
18.2
9.5
19.4
26.7
12.1
17.6
10.8
13.3
30.0
14.3
20.0
22.2
21.1
8.0
14.6
13.3
23.1
19.2
12.5
20.5
20.0
25.9
10.0
18.2
14.8
7.7
21.4
13.8
20.8
17.6
15.9
18.5
28.9
23.3
17.5
12.5
20.0
20.0
28.1
15.6
24.1
14.3
13.3
21.4
12.5
28.0
17.6
12.5
9.3
13.5
13.6
24.4
10.5
10.3
11.8
14.7
20.0
13.5
10.5
18.2
14.7
9.3
22.6
22.7
25.9
15.2
20.0
14.7
25.0
6.9
10.0
22.9
18.4
18.8
7.9
32.1
23.5
23.6
14.8
17.0
12.5
7.1
8.2
14.3
26.3
15.4
10.5
0.0
25.7
22.6
5.0
23.4
18.8
34.6
18.8
18.6
12.1
17.1
29.4
18.8
13.3
20.8
28.3
11.1
10.9
14.3
20.8
11.1
14.3
26.7
33.3
16.7
19.2
5.3
10.2
18.8
18.2
14.3
16.7
23.1
26.1
9.4
10.3
6.9
20.7
20.0
4.0
11.6
15.8
20.8
16.7
20.6
20.0
6.9
21.9
7.7
20.0
15.0
24.0
11.9
25.9
13.5
22.9
22.2
21.8
25.0
16.0
7.1
3.8
25.9
20.0
13.5
17.9
19.2
16.7
13.8
23.1
25.0
9.1
34.2
11.7
21.9
13.6
14.3
16.1
10.5
17.6
18.4
13.8
26.9
6.5
21.9
11.8
17.2
6.7
11.1
16.7
24.1
15.0
7.7
21.4
15.4
8.3
16.7
20.3
29.0
18.9
16.1
18.4
17.5
25.0
4.8
15.0
18.8
11.8
11.1
11.4
21.4
16.2
12.5
17.4
15.2
20.0
9.1
16.7
20.0
0.0
13.0
31.4
33.3
18.4
21.9
18.5
15.0
9.3
13.2
25.0
4.3
16.7
23.5
12.8
18.2
20.0
19.0
22.7
27.3
20.5
0.0
25.0
16.1
26.3
23.1
16.2
21.4
9.5
20.0
13.0
25.0
22.6
13.6
21.4
9.1
28.0
26.1
11.1
17.9
6.7
17.2
17.9
20.0
19.0
13.5
18.2
16.4
15.4
14.3
10.4
18.8
