44.1
60.0
60.0
54.8
65.0
63.6
61.9
50.0
52.2
81.0
51.5
51.7
62.1
47.1
50.0
36.7
46.9
41.7
43.8
37.5
39.0
30.0
52.8
66.7
54.2
63.3
61.9
42.0
41.7
52.6
44.4
58.8
47.9
44.9
61.8
58.5
45.9
42.3
42.0
35.0
53.8
41.9
40.7
49.1
34.6
40.6
36.4
47.8
37.0
34.1
40.0
54.5
39.5
46.9
45.5
47.2
54.5
35.7
50.0
50.0
58.1
58.6
44.0
59.3
58.5
58.5
68.0
78.7
54.1
50.0
54.5
64.5
66.7
71.7
62.5
67.2
51.1
69.4
64.7
62.5
68.4
36.4
50.0
60.6
44.2
36.4
13.3
64.7
52.1
59.4
44.1
63.3
43.9
54.3
45.0
56.7
41.7
59.5
57.1
48.9
44.7
35.3
56.6
55.2
43.2
48.6
38.7
34.5
48.2
30.4
49.1
47.4
60.0
57.1
48.3
43.8
42.9
33.3
45.6
36.1
23.8
51.1
45.5
40.0
37.8
42.9
52.4
47.2
61.1
48.8
35.1
45.2
48.8
38.1
52.5
79.1
63.9
47.8
38.5
57.1
64.3
71.0
53.3
38.1
59.1
46.2
55.6
54.3
60.0
41.5
36.4
41.9
30.3
45.7
44.2
46.4
34.2
34.9
42.3
39.4
57.9
51.4
62.1
36.2
58.1
44.7
60.0
52.6
51.7
52.4
55.0
66.7
53.6
47.1
45.7
50.0
40.3
24.4
32.3
38.5
37.8
30.2
57.1
71.2
71.2
71.4
81.5
74.4
56.5
67.6
61.7
62.3
54.2
68.0
67.6
70.3
70.4
54.5
44.4
58.2
37.3
44.1
53.1
58.8
39.6
66.7
68.1
78.9
57.9
50.0
57.1
62.5
56.9
58.5
47.5
33.3
56.8
24.3
53.3
68.2
30.8
28.6
55.1
50.0
53.2
35.3
42.9
52.4
35.9
42.0
54.2
53.3
40.6
35.1
48.0
36.0
48.1
52.8
69.2
62.5
62.5
67.9
54.8
48.8
56.1
55.2
49.1
44.0
35.0
42.9
54.8
54.8
53.3
25.9
47.2
52.0
51.7
60.0
58.8
54.5
56.3
47.5
64.1
34.5
42.4
48.9
45.5
37.1
48.9
51.4
56.3
50.0
40.4
57.7
76.2
38.7
48.0
40.5
47.9
42.3
64.7
51.6
42.9
66.7
37.3
46.3
68.4
58.1
45.5
46.2
55.3
50.0
39.2
54.8
67.6
63.3
78.3
73.2
72.4
80.0
75.0
74.2
50.8
48.7
56.8
45.2
34.0
45.5
55.6
37.8
39.7
58.8
48.8
51.3
26.9
50.0
32.4
42.4
54.5
38.7
50.8
67.6
53.3
51.6
55.6
36.0
54.4
45.9
61.8
65.7
38.7
55.6
68.8
50.0
38.5
52.8
44.6
48.3
55.2
66.7
56.8
45.5
40.9
59.4
40.5
65.8
50.0
57.8
46.7
66.7
39.4
36.1
48.2
20.6
51.6
35.5
44.7
28.0
56.3
39.5
41.7
43.8
40.6
54.5
65.5
58.5
69.6
62.1
65.9
56.5
48.5
61.2
65.2
50.0
46.0
68.0
31.8
51.9
50.0
41.4
42.0
25.8
53.0
50.0
68.4
46.5
51.9
72.4
59.5
53.1
64.5
63.3
57.1
50.0
60.5
74.2
42.9
47.1
45.0
45.0
51.9
54.7
55.6
54.3
47.5
52.1
50.0
47.8
47.5
45.7
48.7
48.4
48.9
33.3
45.7
78.9
51.8
56.3
65.9
57.1
48.6
60.0
53.2
58.3
57.9
59.6
59.0
70.0
60.9
45.7
41.0
39.3
33.9
28.6
40.5
30.2
45.2
37.9
57.1
36.8
42.4
44.6
50.0
42.9
39.6
30.0
35.7
55.6
72.0
56.0
47.7
60.7
57.1
51.2
50.8
56.0
51.7
48.4
48.6
52.4
52.9
51.6
45.3
43.6
48.3
24.3
54.5
51.9
50.0
56.1
55.9
56.7
43.8
38.3
50.0
49.0
47.8
36.8
56.0
57.9
52.4
42.1
57.1
53.3
38.3
45.9
33.3
41.4
37.7
55.6
38.6
36.7
36.1
33.3
53.3
69.0
56.8
58.8
47.8
45.1
47.2
54.0
42.3
34.8
48.6
57.7
52.2
55.1
55.6
54.3
57.8
47.1
58.2
54.8
47.7
51.4
55.6
40.0
52.8
51.4
61.8
61.1
60.0
69.0
60.0
39.5
29.2
39.1
52.9
46.9
40.0
39.4
43.2
32.0
26.2
31.6
54.5
29.6
48.6
35.5
40.0
38.5
44.1
46.9
50.0
46.7
52.4
51.0
61.0
52.4
75.0
64.7
57.6
61.1
58.3
58.3
52.7
46.2
38.2
33.3
44.9
22.2
40.6
59.1
36.7
39.1
51.5
57.1
78.4
76.7
87.1
58.3
79.3
70.5
76.7
55.6
71.2
81.3
69.2
68.8
68.1
75.6
56.4
39.1
69.8
60.0
65.6
47.6
54.8
25.6
57.1
55.2
58.3
46.8
43.6
45.5
52.3
45.5
65.0
61.5
65.7
51.4
47.1
44.4
47.3
52.0
51.9
48.5
59.3
54.5
32.0
35.3
60.0
50.0
57.1
55.6
57.9
47.7
56.1
63.0
51.7
51.0
52.2
29.4
56.7
47.8
47.7
63.6
47.5
41.5
54.8
54.1
43.8
51.1
40.9
44.1
46.5
37.8
70.4
46.4
67.6
50.0
51.5
64.3
58.3
46.7
36.0
44.4
63.9
51.2
50.0
46.6
53.3
56.1
50.0
50.0
24.3
48.5
35.3
46.3
39.5
48.9
55.6
62.1
50.0
44.1
63.6
47.8
58.3
56.1
67.2
66.1
47.1
66.7
62.5
61.9
53.1
59.5
52.6
34.8
50.9
46.5
56.3
57.6
54.3
58.3
62.1
60.0
45.7
42.1
39.0
51.7
28.6
16.1
38.1
35.7
33.3
51.4
42.9
60.4
31.3
26.7
42.2
39.7
50.0
55.8
47.2
59.4
53.1
53.1
68.8
68.4
63.5
56.7
62.8
61.8
74.3
56.9
45.7
45.9
58.3
64.1
47.1
48.3
42.9
53.1
58.1
50.0
57.4
53.5
41.2
53.8
57.9
56.7
66.0
58.1
69.4
50.0
52.6
57.1
52.6
67.6
53.1
61.5
57.4
54.2
65.5
43.8
50.0
55.6
56.3
33.3
37.9
47.2
40.7
51.6
45.9
41.7
66.7
55.2
65.5
84.6
60.7
50.0
58.6
48.5
45.9
51.5
52.5
31.8
53.8
50.0
21.6
27.3
33.3
56.0
48.3
56.0
46.4
57.6
66.7
51.4
44.4
36.8
37.5
58.1
47.8
32.0
45.2
45.0
46.9
42.5
40.4
34.4
43.8
65.0
53.1
50.0
42.4
61.4
53.1
48.1
48.8
56.1
41.5
55.6
44.0
39.5
54.5
43.2
53.8
55.3
50.0
41.2
55.9
56.8
57.7
55.0
58.3
41.5
53.7
47.7
51.5
50.0
56.1
63.0
75.0
35.7
52.4
40.0
46.2
57.1
48.4
44.2
35.0
45.0
47.4
48.3
52.6
77.8
37.5
60.4
69.0
67.6
48.6
54.5
43.3
40.0
49.2
56.8
57.1
33.3
28.6
32.4
41.9
14.3
20.8
31.0
43.2
33.3
48.8
33.3
62.5
76.5
64.9
52.9
53.7
56.4
57.1
52.8
64.0
75.0
61.0
65.3
36.4
60.5
64.7
58.6
60.9
70.0
53.6
38.2
46.0
60.5
54.3
51.2
30.6
43.8
55.6
26.1
41.3
37.5
47.7
28.3
49.0
71.4
52.9
49.1
57.1
58.8
58.3
56.7
34.0
30.6
40.0
32.7
46.3
44.0
45.2
32.3
52.6
60.6
50.8
46.7
50.0
36.0
64.5
48.6
56.4
51.4
44.4
37.5
61.4
45.0
53.6
45.5
46.9
57.5
63.2
40.0
66.7
48.0
50.0
62.2
48.6
45.5
57.5
57.5
47.2
73.3
51.9
48.5
54.7
67.9
54.8
35.7
50.0
65.7
46.7
64.7
41.4
33.3
65.6
36.2
41.7
56.0
45.9
30.8
57.8
35.3
58.1
70.8
51.7
64.5
76.7
51.4
60.0
44.1
51.4
44.4
45.0
62.5
55.3
53.7
56.6
47.2
55.6
46.3
55.9
60.5
57.7
60.0
62.2
33.3
30.3
47.7
54.8
51.5
43.6
32.3
44.1
35.7
42.4
43.2
48.0
54.5
41.2
28.2
40.6
40.6
37.9
53.3
61.9
33.3
33.3
33.3
68.4
28.8
39.6
35.9
40.0
76.0
52.8
28.9
46.2
40.0
42.9
50.0
54.8
47.1
46.5
62.8
45.0
55.6
50.0
50.9
32.4
48.5
64.7
47.1
52.9
60.3
57.6
59.3
57.1
70.0
65.5
51.6
57.1
47.9
54.3
47.2
69.7
51.7
53.5
63.2
52.9
50.0
59.2
57.1
54.8
59.2
52.8
56.9
50.0
70.6
56.7
53.2
67.9
48.1
59.5
59.5
74.3
43.8
58.6
53.3
71.4
54.0
48.5
58.5
36.8
48.6
42.9
41.5
37.5
46.4
37.8
51.6
60.0
64.7
65.5
32.4
57.1
58.8
38.2
60.6
35.0
58.8
47.3
55.6
41.0
41.9
45.8
40.0
50.0
41.9
35.0
38.6
40.0
53.6
44.4
44.4
56.4
39.0
53.6
47.4
66.7
45.8
44.0
34.4
50.0
58.2
61.5
42.9
54.5
74.2
54.5
45.5
64.5
54.5
39.5
50.9
65.9
68.9
58.3
36.8
56.3
52.4
54.5
43.6
47.1
65.8
51.9
47.4
38.5
42.9
52.9
44.8
66.0
54.1
53.8
43.9
41.0
17.6
45.2
34.8
38.5
61.9
36.4
45.7
44.7
56.0
37.1
53.7
51.2
20.0
32.6
37.2
33.3
41.2
35.3
52.0
48.8
37.9
31.3
52.1
40.0
43.5
34.1
61.3
51.3
27.6
38.2
55.6
61.8
54.1
33.3
40.0
41.9
69.0
25.9
53.7
31.6
27.6
28.9
39.0
45.9
34.9
39.0
31.1
38.0
42.1
33.3
34.8
37.5
33.3
26.3
38.2
35.5
40.7
47.1
52.0
42.9
50.0
62.1
57.1
76.2
56.4
40.7
58.3
58.6
54.5
63.3
39.5
35.7
60.6
66.7
54.5
65.4
37.1
57.1
40.5
52.1
56.7
45.8
63.3
34.5
50.0
40.0
45.5
36.0
38.5
44.4
47.2
65.4
51.6
42.9
62.5
52.5
42.1
47.5
36.0
59.0
55.0
57.7
32.4
83.9
56.5
56.9
48.4
55.9
60.0
33.3
73.2
40.0
75.0
40.0
45.5
40.9
45.8
38.1
52.8
54.5
65.5
53.7
34.7
81.8
42.3
48.7
42.9
32.4
46.0
28.3
32.3
37.5
34.8
41.9
43.6
50.0
68.2
49.2
37.8
57.7
67.6
37.5
42.9
63.9
60.0
51.6
44.1
37.5
46.9
52.2
55.3
52.7
47.4
48.6
69.2
69.0
51.9
40.5
50.0
56.0
41.8
40.5
27.8
60.0
48.5
42.9
41.7
60.0
38.2
58.8
45.0
36.8
61.0
59.0
35.5
56.4
48.4
33.3
51.4
56.5
45.0
57.1
45.2
33.3
40.0
37.9
37.9
32.4
50.0
46.7
43.6
66.7
44.0
54.1
51.5
51.5
56.9
36.6
60.0
57.6
44.0
41.7
37.0
47.6
51.7
36.0
34.4
57.4
80.0
64.3
58.1
67.4
59.0
73.1
63.2
31.0
59.1
41.2
38.3
37.5
39.6
54.2
46.2
66.7
53.3
69.5
53.8
64.8
50.0
72.2
58.1
66.1
63.9
51.4
58.3
51.5
61.9
46.0
65.5
51.7
40.9
52.4
38.5
55.6
40.5
57.7
44.1
43.9
56.5
45.9
63.0
36.6
75.8
49.1
54.5
48.4
38.1
48.4
40.4
45.5
68.2
46.2
34.9
35.3
100.0
38.9
37.3
55.0
44.9
46.8
54.3
50.9
44.4
68.8
58.3
48.1
51.6
56.7
51.4
50.8
16.7
51.6
50.0
52.6
43.8
55.0
63.4
55.6
62.1
57.7
76.2
51.7
55.9
57.7
67.9
54.2
59.5
65.2
31.8
51.9
72.4
53.8
45.5
60.0
76.9
69.7
55.3
50.0
51.1
44.9
50.0
59.3
29.4
68.0
45.9
54.3
50.0
48.7
53.8
26.8
28.9
33.3
37.8
27.8
41.7
48.7
30.8
84.6
37.5
58.1
40.0
52.4
36.6
55.6
37.1
42.9
32.4
57.6
47.1
41.5
32.5
32.4
29.0
35.0
38.1
60.0
48.3
35.3
56.3
45.2
58.3
43.1
36.7
57.7
51.9
54.8
40.7
44.4
43.3
51.7
70.4
49.3
32.4
57.6
37.9
51.7
66.7
31.8
41.7
31.6
48.7
42.9
32.6
25.5
46.2
32.4
40.0
43.2
33.3
52.9
48.9
60.4
54.5
55.3
40.0
65.6
50.0
28.0
46.8
58.3
30.3
41.2
32.2
37.0
38.6
46.7
37.0
54.1
45.9
60.4
52.2
71.1
51.7
65.6
68.6
75.0
47.2
42.4
44.4
50.0
29.6
56.0
43.2
52.3
43.8
52.9
56.6
52.9
40.4
36.6
48.4
40.0
44.4
57.9
45.5
58.2
45.2
55.0
60.5
57.8
41.5
40.3
71.4
42.4
39.2
23.3
67.7
21.9
38.8
55.8
50.0
60.6
30.3
54.8
76.2
21.4
55.0
55.6
42.9
44.0
50.0
58.5
56.8
46.7
50.0
75.0
50.9
42.1
47.8
48.6
55.8
58.3
44.0
62.7
38.9
68.4
40.8
39.4
55.9
40.5
50.0
35.9
50.0
52.3
37.5
55.6
19.0
40.0
27.9
54.8
49.1
45.5
42.3
40.0
33.3
36.7
53.7
45.8
62.5
62.3
57.4
58.3
61.2
57.9
45.7
55.9
50.0
53.5
38.9
57.1
45.8
47.5
42.9
52.8
71.4
37.5
41.9
34.0
41.2
42.2
36.4
58.8
53.7
62.1
69.6
76.2
59.1
55.1
58.3
48.1
47.1
34.8
43.3
40.6
44.4
36.6
37.8
66.7
50.0
62.7
48.1
45.2
47.1
31.0
60.5
35.3
61.4
54.7
59.4
33.3
55.3
60.0
65.4
51.4
51.5
60.0
48.4
57.1
29.2
52.9
64.1
40.0
58.3
57.9
54.1
45.2
71.0
60.5
69.2
52.0
60.0
43.6
58.7
51.4
56.9
52.6
60.0
59.7
89.5
48.7
51.9
56.8
42.2
53.1
87.1
57.1
43.9
50.8
48.3
40.0
55.0
65.6
41.4
54.5
55.6
51.9
38.7
60.0
46.4
72.5
47.2
68.8
60.0
72.7
68.2
53.6
69.1
48.1
61.3
46.2
48.9
54.2
40.0
45.9
52.6
42.9
51.5
52.5
47.1
59.3
43.2
51.5
65.2
44.8
56.0
46.2
53.3
36.5
50.0
32.0
32.3
31.0
33.3
48.6
55.6
52.9
55.6
48.5
47.1
58.3
50.0
52.8
46.7
52.2
25.8
42.5
59.5
54.3
49.0
46.4
43.5
58.3
50.0
48.3
55.6
48.8
43.8
40.4
40.0
54.8
37.5
37.5
50.0
39.1
50.0
53.8
92.1
69.6
61.0
86.7
57.7
52.1
41.2
48.3
33.3
55.2
44.4
45.5
35.3
44.0
41.7
28.6
44.8
43.9
44.2
38.2
53.6
40.8
36.7
43.2
50.8
50.0
56.4
28.0
23.1
37.9
40.5
39.2
58.5
50.0
51.2
65.0
35.0
40.4
39.0
48.0
44.4
54.3
56.8
34.2
44.7
35.0
40.0
53.2
50.0
42.4
59.3
47.5
61.1
50.0
62.8
41.0
40.0
48.4
48.6
45.7
55.3
55.0
47.3
70.2
47.5
63.6
76.2
37.0
50.0
77.8
59.4
50.0
69.2
42.1
42.4
52.4
44.8
47.2
47.1
43.2
47.4
41.7
61.9
48.6
51.7
45.7
27.3
50.0
45.0
55.6
44.9
54.5
58.3
42.5
41.5
50.8
57.1
51.4
51.4
54.8
53.6
64.5
45.2
48.5
51.4
79.5
34.5
42.5
73.1
47.1
46.4
40.5
45.5
52.8
39.6
41.7
55.6
53.8
39.0
41.2
19.4
38.3
36.1
53.1
56.3
47.9
44.0
51.9
48.3
42.9
41.0
42.4
43.2
48.1
15.8
86.0
70.6
81.8
69.2
62.5
54.8
42.9
58.6
65.5
60.0
78.6
51.4
68.0
40.0
44.4
57.9
47.6
36.4
61.8
54.5
27.5
59.3
34.4
33.3
33.8
35.3
34.9
24.4
47.8
40.0
25.0
17.1
59.0
44.4
51.6
62.1
45.5
65.9
48.8
58.1
58.1
60.0
68.8
59.5
70.0
60.5
56.5
62.5
49.2
59.5
48.6
30.8
51.6
33.3
58.1
46.2
33.3
59.4
36.7
52.3
55.6
51.5
38.6
46.8
56.3
54.8
57.9
37.9
67.6
66.7
51.1
58.0
45.7
60.5
67.6
50.0
68.0
39.5
59.5
35.1
52.4
54.5
59.1
50.0
60.9
57.1
56.3
37.5
50.0
37.7
52.7
41.0
44.8
57.1
47.2
39.5
41.2
45.0
50.0
45.8
50.0
46.3
40.5
41.7
53.7
69.7
65.0
65.4
56.1
65.4
66.7
48.3
62.1
50.0
57.1
55.1
58.6
54.3
46.3
54.8
44.1
45.5
38.2
34.0
46.4
46.7
50.0
41.7
51.7
54.8
63.6
52.8
60.0
32.0
58.8
53.8
40.0
57.9
40.4
36.5
43.9
42.9
38.8
35.7
50.0
50.0
45.5
30.8
51.3
36.6
36.0
41.2
54.3
62.9
46.9
61.1
51.6
77.4
60.9
69.2
44.6
62.5
56.7
62.2
57.1
65.4
59.5
54.2
60.0
46.2
53.1
45.1
33.3
46.4
46.8
41.9
61.9
67.4
48.4
69.6
40.7
74.4
54.3
68.6
53.3
65.4
41.9
68.2
38.7
56.4
50.0
47.2
46.9
37.7
50.0
38.9
65.0
62.5
50.0
39.0
34.9
46.9
51.5
43.2
62.1
48.0
63.6
53.7
66.2
53.1
44.4
63.8
53.6
54.8
79.3
45.5
39.7
42.9
50.0
36.7
45.5
42.9
45.0
39.0
55.9
64.2
47.5
42.0
54.5
44.0
56.4
27.3
54.3
45.0
51.6
57.7
40.0
34.5
37.5
40.6
13.8
35.1
49.2
46.4
54.8
38.2
40.5
51.1
48.5
87.5
53.7
77.8
37.5
50.0
50.0
45.2
42.9
53.8
37.8
35.7
44.1
25.0
55.2
54.3
44.3
53.8
52.6
58.3
44.0
44.0
55.6
35.1
60.6
36.8
39.6
34.0
29.7
51.9
43.2
32.1
33.3
44.1
58.7
61.3
51.6
46.7
48.8
40.0
35.7
61.5
48.3
60.0
58.1
38.5
47.8
41.2
47.5
46.2
44.3
36.7
72.7
44.0
56.4
47.6
47.6
68.5
48.6
48.0
61.5
70.6
48.6
60.0
45.3
60.0
46.9
63.3
70.0
84.0
55.3
53.8
46.4
71.4
61.2
55.8
54.8
59.2
72.9
51.7
50.0
50.0
52.5
38.2
54.8
48.3
40.7
57.5
40.0
49.1
37.7
42.9
52.2
40.0
32.7
43.2
58.3
53.3
59.1
63.6
49.0
59.5
51.1
56.4
59.4
58.7
56.5
43.2
50.0
45.8
59.0
52.5
48.5
47.3
54.2
50.0
38.2
48.3
53.1
38.7
55.1
40.0
50.0
66.7
30.3
55.4
41.5
50.0
53.8
52.3
42.4
29.2
42.3
27.3
41.5
42.4
45.5
60.0
53.8
57.1
42.4
60.0
46.0
38.7
57.1
66.1
53.6
54.8
65.2
50.0
62.1
55.9
51.2
41.2
48.1
37.0
52.4
42.4
38.6
61.4
48.9
40.9
50.8
37.5
57.1
41.1
20.8
53.3
62.1
63.3
59.3
65.7
70.0
51.7
64.5
60.6
54.7
54.5
59.3
48.1
71.4
51.4
39.6
47.1
44.7
45.3
47.6
52.2
64.1
59.4
45.1
50.0
53.8
76.2
56.5
68.1
43.8
41.7
58.8
46.2
70.3
60.9
42.9
50.0
62.1
60.0
55.0
36.0
33.3
51.9
38.2
37.5
62.1
53.1
53.5
47.4
69.0
54.8
38.2
64.3
33.3
47.6
55.0
38.7
33.3
60.0
43.8
37.1
34.3
40.5
45.1
44.4
51.9
60.0
44.8
61.2
68.4
55.2
42.6
28.6
69.8
46.3
54.1
53.3
45.0
53.8
40.0
51.6
38.2
53.6
56.4
54.5
70.2
39.5
40.0
37.2
39.0
47.4
37.8
61.4
53.8
34.5
47.2
45.5
54.0
57.9
55.2
55.1
43.4
51.2
28.6
54.8
46.3
38.9
38.2
53.3
53.1
44.4
50.9
45.5
39.0
42.1
63.0
47.4
51.7
48.0
47.2
41.3
59.5
28.6
69.0
50.0
60.0
61.9
63.6
50.0
40.7
46.7
61.8
64.7
54.8
48.6
46.3
50.0
47.2
75.0
56.0
43.3
34.2
51.3
60.8
51.0
43.2
60.6
53.3
48.3
57.6
50.0
32.0
42.1
53.8
45.0
65.7
69.4
77.1
54.5
59.3
51.1
32.8
42.1
44.0
53.3
48.4
26.7
43.2
33.3
86.2
54.5
60.8
61.5
53.1
56.6
51.9
44.7
58.7
37.5
41.7
52.6
45.5
50.0
54.2
55.0
50.0
42.1
54.5
60.4
54.5
41.7
50.0
43.8
