44.1
60.0
60.0
59.5
47.5
66.7
50.8
43.8
39.1
61.9
54.5
51.7
51.7
41.2
50.0
50.0
40.8
30.6
43.8
46.9
39.0
30.0
47.2
55.6
62.5
43.3
76.2
46.0
43.3
50.0
38.1
35.3
45.8
34.7
47.1
50.9
40.5
42.3
40.6
50.0
57.7
20.9
40.7
42.1
42.3
40.6
48.5
39.1
44.4
36.6
30.0
47.0
42.1
31.3
50.9
50.0
60.0
28.6
25.0
55.0
48.4
51.7
40.0
50.0
51.2
54.7
52.0
70.2
59.5
50.0
57.6
67.7
48.7
54.3
66.7
58.6
53.3
61.1
62.7
68.8
52.6
38.6
50.0
60.6
51.2
34.1
20.0
64.7
41.7
46.9
41.2
63.3
36.6
47.8
40.0
40.0
41.7
48.6
39.3
40.0
44.7
44.1
49.1
55.2
45.9
37.8
48.4
27.6
50.0
39.1
52.7
52.6
64.0
53.6
51.7
50.0
57.1
41.7
36.8
41.7
33.3
40.4
50.0
40.0
45.9
33.3
42.9
44.4
38.9
51.2
40.5
45.2
41.9
31.0
52.5
58.1
50.0
43.5
50.0
40.0
60.7
74.2
53.3
42.9
40.9
59.0
55.6
54.3
55.0
45.3
33.3
29.0
30.3
37.0
46.5
39.3
34.2
32.6
38.5
48.5
63.2
51.4
44.8
40.4
51.2
44.7
58.0
52.6
43.1
35.7
35.0
45.8
42.9
47.1
37.1
41.2
38.7
24.4
29.0
46.2
40.5
27.9
54.3
55.9
52.5
57.1
63.0
44.2
41.3
67.6
56.7
55.7
50.0
60.0
54.1
67.6
40.7
39.4
33.3
43.6
44.1
32.4
42.9
47.1
33.3
50.0
63.8
57.9
61.4
43.3
61.9
58.3
45.1
53.7
42.5
42.1
40.9
40.5
43.3
59.1
34.6
42.9
51.0
50.0
53.2
38.2
38.1
47.6
38.5
34.0
50.8
48.3
43.8
43.2
32.0
20.0
55.6
41.7
66.7
56.3
52.5
60.7
61.9
51.2
51.2
55.2
49.1
50.0
30.0
34.3
45.2
51.6
48.9
25.9
50.0
52.0
51.7
48.9
64.7
48.5
50.0
45.0
53.8
31.0
40.7
40.4
57.6
42.9
38.3
37.8
53.1
46.6
40.4
53.8
66.7
41.9
52.0
35.1
50.0
34.6
52.9
45.2
66.7
57.1
37.3
43.9
36.8
58.1
47.0
50.0
60.5
37.5
51.0
54.8
51.4
70.0
63.3
48.8
69.0
63.6
66.7
67.7
54.1
51.3
45.9
51.6
38.3
33.3
42.2
35.1
36.5
47.1
39.0
43.6
26.9
46.9
21.6
39.4
51.5
29.0
52.5
59.5
56.7
45.2
35.6
44.0
52.6
48.6
64.7
62.9
41.9
55.6
50.0
60.0
42.3
41.7
41.5
41.4
55.2
61.5
47.7
51.5
45.5
59.4
35.1
52.6
39.3
53.3
48.9
52.8
39.4
38.9
39.3
26.5
54.8
32.3
44.7
28.0
51.6
34.2
38.9
34.4
43.8
54.5
51.7
58.5
65.2
62.1
56.1
46.8
48.5
38.8
43.5
54.8
42.9
60.0
31.8
50.0
35.7
27.6
26.0
25.8
53.0
39.1
78.9
37.2
40.7
58.6
54.1
50.0
53.2
56.7
57.1
44.6
44.7
64.5
45.7
47.1
45.0
50.0
55.6
45.3
55.6
48.6
60.0
50.0
47.1
39.1
47.5
41.3
53.8
54.8
48.9
33.3
48.6
68.4
48.2
46.9
58.5
42.9
48.6
60.0
41.9
47.2
47.4
44.7
56.4
58.0
58.7
51.4
35.9
32.1
35.7
25.0
42.9
37.2
45.2
34.5
33.3
26.3
45.5
33.9
29.5
40.8
37.5
30.0
35.7
44.4
62.0
46.0
36.4
35.7
45.7
34.9
39.3
56.0
40.0
38.7
32.4
52.4
41.2
41.9
43.4
38.5
43.1
37.8
42.4
33.3
39.3
46.3
50.0
63.3
31.3
25.5
45.0
55.1
34.8
31.6
40.0
52.6
38.1
44.7
32.1
42.2
38.3
37.8
29.6
31.0
37.7
60.0
43.2
26.7
44.4
31.0
45.0
65.5
43.2
55.9
39.1
51.0
44.4
54.0
46.2
39.1
43.2
44.2
60.9
42.9
63.9
45.7
57.8
58.8
54.5
41.9
47.7
45.9
51.9
37.5
50.0
45.9
49.1
58.3
52.0
58.6
54.0
55.3
38.5
43.5
52.9
37.5
43.3
33.3
40.9
32.0
27.9
31.6
43.2
22.2
54.1
29.0
46.7
33.3
41.2
46.9
36.0
40.0
61.9
33.3
56.1
50.0
67.9
58.8
51.5
63.9
62.5
47.2
50.9
48.7
41.2
33.3
40.8
27.8
50.0
50.0
46.7
39.1
42.4
53.6
56.9
63.3
67.7
62.5
69.0
56.8
56.7
55.6
63.5
68.8
61.5
56.3
55.3
63.4
46.2
30.4
62.8
50.0
53.1
31.0
59.5
34.9
50.0
48.3
33.3
44.7
41.0
48.5
45.5
36.4
57.5
65.4
51.4
42.9
44.1
38.9
43.6
44.0
53.8
45.5
50.0
59.1
40.0
38.2
46.7
56.7
35.7
50.0
44.7
50.0
46.3
37.0
37.9
49.0
56.5
41.2
48.3
58.7
45.5
48.5
50.0
41.5
45.2
51.4
40.6
55.3
34.1
47.1
44.2
37.8
61.1
50.0
61.8
37.5
36.4
53.6
45.8
53.3
32.0
33.3
44.4
41.5
47.1
51.7
42.2
46.3
22.2
43.8
24.3
45.5
29.4
49.3
41.9
44.4
44.4
54.5
47.2
29.4
42.4
43.5
47.2
48.8
63.9
60.7
44.1
61.1
54.2
76.2
44.9
37.8
47.4
47.8
52.7
41.9
50.0
45.5
42.9
52.8
53.4
54.3
42.9
35.1
31.7
37.9
32.7
22.6
35.7
46.4
41.7
40.5
47.6
49.1
28.1
26.7
39.1
50.0
42.9
50.0
36.1
62.5
56.3
43.8
56.3
63.2
53.8
66.7
58.1
49.1
65.7
56.9
40.0
51.4
50.0
51.3
50.0
31.0
28.6
50.0
48.4
50.0
47.5
51.2
41.2
52.3
47.4
56.7
60.4
58.1
69.4
60.9
42.1
52.4
52.6
55.9
45.3
38.5
61.1
45.8
51.7
37.5
34.6
30.6
62.5
29.2
28.8
45.3
48.1
54.8
29.7
39.6
55.6
44.8
48.3
61.5
46.4
41.7
51.7
45.5
37.8
45.5
45.8
36.4
57.7
57.1
24.3
39.4
30.3
52.0
55.0
56.0
53.6
57.6
66.7
51.4
44.4
28.9
42.9
38.7
43.5
12.0
38.7
35.0
43.8
42.5
42.1
31.3
37.5
60.0
46.9
55.0
42.4
42.1
50.0
37.0
44.2
61.0
43.9
48.1
32.0
26.3
50.0
32.4
46.2
44.7
52.6
29.4
41.2
54.1
57.7
47.5
58.3
39.0
63.4
47.7
60.6
53.7
54.5
66.7
68.8
35.7
54.8
56.0
56.4
64.3
46.8
42.3
35.0
30.0
36.8
44.8
50.0
50.0
37.5
41.7
69.0
52.9
43.2
54.5
43.3
36.9
50.8
59.1
42.9
29.2
32.1
50.0
37.2
21.4
25.0
26.2
24.3
31.1
43.9
33.3
56.3
76.5
56.8
50.0
48.8
49.1
45.7
49.1
64.0
56.3
50.8
57.1
45.5
60.5
64.7
55.2
42.2
65.0
46.4
44.1
38.0
47.4
30.4
36.6
25.0
41.7
55.6
26.1
45.7
40.6
40.9
28.3
45.1
64.3
52.9
49.1
47.6
49.0
54.2
46.7
34.0
27.8
40.0
32.7
31.7
52.0
38.7
29.0
50.9
60.6
50.8
46.7
50.0
16.0
51.6
45.9
43.6
45.9
27.8
34.4
56.8
50.0
46.4
45.5
50.0
52.5
45.6
33.3
45.8
36.0
40.0
54.1
43.2
45.5
55.0
55.0
38.9
53.3
48.1
36.4
48.4
67.9
59.5
42.9
50.0
60.0
46.7
47.1
36.2
37.5
50.0
36.2
41.7
52.0
48.6
46.2
45.3
35.3
48.4
64.6
48.3
45.2
60.0
45.9
56.7
37.3
54.1
44.4
40.0
62.5
50.0
48.8
54.7
41.7
51.1
43.9
52.9
42.1
50.0
50.0
44.4
51.9
36.4
40.9
45.2
33.3
41.0
45.2
44.1
35.7
40.7
43.2
52.0
40.9
45.1
35.9
31.3
35.9
41.4
43.3
57.1
38.1
29.4
31.0
50.0
25.0
50.0
23.1
30.0
64.0
50.0
37.8
50.0
60.0
41.3
50.0
52.4
41.2
32.6
46.5
46.7
51.9
55.9
43.6
35.1
54.5
61.8
47.1
52.9
55.2
54.2
59.3
54.3
55.0
65.5
54.8
53.6
45.8
45.7
41.7
48.5
58.6
55.8
52.6
41.2
63.6
63.3
60.7
42.9
63.3
52.8
51.0
40.0
50.0
43.3
42.6
53.6
50.0
45.9
59.5
57.1
50.0
53.4
50.0
71.4
56.0
45.5
48.8
23.7
45.7
46.0
36.6
58.3
39.3
40.5
38.7
54.5
52.9
62.1
26.5
59.5
50.0
38.2
63.6
40.0
58.8
45.5
55.6
56.4
48.4
47.9
26.7
42.9
37.1
25.0
40.9
44.0
39.3
41.7
58.3
48.7
39.0
37.5
28.9
47.6
33.3
24.0
31.3
42.9
54.5
49.2
41.1
33.3
54.8
60.6
54.5
58.1
54.5
31.6
49.1
51.2
53.3
45.8
42.1
54.7
57.1
63.6
46.2
50.0
50.0
59.3
57.9
55.8
42.9
41.2
44.8
57.4
45.9
61.5
46.3
37.7
35.3
32.3
34.8
30.8
40.5
40.9
28.6
44.7
60.0
37.1
43.9
46.3
20.0
32.6
34.9
33.3
52.9
41.2
50.0
34.9
37.9
34.4
43.8
33.3
41.3
31.7
45.2
48.7
27.6
32.4
52.8
50.9
48.6
31.9
34.3
32.3
58.6
25.9
39.0
28.9
34.5
31.6
29.3
37.8
39.5
36.6
42.2
36.0
52.6
25.0
21.7
33.3
14.3
31.6
41.2
29.0
39.0
47.1
42.0
32.1
50.0
51.7
42.9
59.5
61.5
42.6
43.8
41.4
45.5
63.3
34.2
35.7
51.5
47.2
49.1
57.7
48.6
44.9
40.5
45.8
53.3
50.0
56.7
44.8
44.4
33.3
54.5
32.0
34.6
55.6
44.4
50.0
61.3
51.4
46.9
50.8
57.9
47.5
52.0
53.8
60.0
38.5
47.1
67.7
47.8
56.9
51.6
44.1
40.0
40.0
53.7
40.0
81.3
20.0
51.5
45.5
42.4
33.3
41.5
50.9
54.5
48.1
34.7
72.7
42.3
43.6
38.1
23.5
41.3
33.3
32.3
34.4
43.5
29.0
41.0
39.7
54.5
47.5
29.7
53.8
41.2
35.0
40.0
44.4
35.0
43.5
28.8
40.6
53.1
52.2
42.1
44.6
42.1
35.1
51.3
62.1
51.9
40.5
50.0
52.0
35.8
37.8
30.6
60.0
51.5
34.3
33.3
65.7
40.0
58.8
40.0
36.8
49.2
53.8
41.9
45.5
45.2
33.3
48.6
45.7
45.0
42.9
52.4
35.3
48.0
34.8
41.4
37.8
39.3
40.0
43.6
44.4
40.0
34.4
57.6
45.5
56.9
41.5
55.6
42.4
40.0
44.4
40.7
40.5
44.8
32.0
46.9
53.7
68.0
64.3
54.8
60.9
56.4
57.7
60.5
35.7
43.2
47.1
35.0
25.0
33.3
54.2
41.0
59.3
53.3
59.3
51.9
57.4
45.5
63.9
67.7
73.2
36.1
48.6
50.0
63.6
59.5
46.0
58.6
45.0
36.4
42.9
50.0
61.1
59.5
46.2
52.9
39.4
39.1
45.9
45.7
39.0
63.6
50.9
36.4
42.2
38.1
48.4
46.8
45.5
63.6
35.9
34.9
35.3
84.2
41.7
37.3
37.5
42.9
46.8
37.1
50.9
44.4
53.1
56.3
51.9
41.9
43.3
45.7
44.1
16.7
62.9
50.0
47.4
43.8
47.5
68.3
46.3
48.3
50.0
66.7
51.7
50.0
46.2
46.4
55.9
56.8
60.9
40.9
59.3
62.1
46.2
33.3
53.3
73.1
69.7
47.4
39.3
46.7
51.0
47.4
61.0
29.4
48.0
40.5
51.4
40.0
48.7
48.7
39.0
39.5
40.0
35.1
41.7
47.9
43.6
34.6
76.9
33.9
41.9
44.0
42.9
43.9
29.6
40.0
28.6
26.5
54.5
45.1
32.1
47.5
35.1
41.9
30.0
38.1
40.0
31.0
32.4
40.6
45.2
54.2
41.4
46.7
46.2
44.4
40.5
37.0
30.6
40.0
62.1
66.7
43.5
29.7
51.5
41.4
46.7
74.1
22.7
35.0
23.7
38.5
39.3
26.1
27.5
41.0
38.2
30.0
37.8
29.6
61.8
51.1
54.2
45.5
51.1
42.9
50.0
50.0
24.0
57.4
55.6
39.4
32.4
23.7
44.4
40.9
36.7
44.4
54.1
54.1
56.6
47.8
57.9
48.3
59.4
64.7
62.5
47.2
37.3
33.3
35.7
22.2
44.0
45.9
43.2
37.5
58.8
52.8
52.9
40.4
39.0
61.3
24.4
33.3
47.4
40.9
52.7
32.3
45.0
52.6
42.2
39.6
38.8
50.0
36.4
47.1
25.6
54.8
25.0
42.9
53.8
50.0
48.5
24.2
41.9
71.4
39.3
40.0
53.7
52.4
48.0
50.0
51.2
51.4
35.6
40.0
70.0
52.6
44.7
37.0
51.4
51.9
55.6
36.0
54.9
33.3
50.0
46.9
36.4
55.9
37.8
35.4
25.0
31.8
47.7
35.0
52.8
16.7
47.5
34.9
48.4
49.1
45.5
53.8
37.5
40.0
33.3
48.8
37.5
62.5
60.4
44.4
45.8
55.1
60.5
45.7
42.4
40.0
44.2
36.1
57.1
54.2
50.0
45.2
50.9
61.9
40.6
58.1
40.4
38.2
40.0
30.3
61.8
51.2
58.6
63.0
71.4
54.5
55.1
47.2
44.4
56.9
34.8
40.0
43.8
49.2
39.0
44.4
56.4
36.1
49.2
40.7
45.2
35.3
38.1
60.5
23.5
42.1
47.2
46.9
36.4
42.1
46.0
65.4
54.3
42.4
50.0
45.2
51.4
37.5
44.1
53.8
40.0
45.8
43.9
45.9
51.6
54.8
51.2
56.4
40.0
60.0
43.6
45.7
54.1
41.2
42.1
48.0
58.1
52.6
48.7
44.4
51.4
44.4
46.9
45.2
54.3
46.3
47.5
44.8
25.7
60.0
56.3
44.8
47.0
38.9
51.9
29.0
47.5
25.0
62.5
45.3
68.8
53.3
54.5
50.0
53.6
54.5
48.1
48.4
38.5
51.1
37.3
32.0
43.2
55.3
25.0
42.4
49.2
41.2
42.4
43.2
48.5
60.9
44.8
48.0
36.5
40.0
34.9
50.0
32.0
35.5
26.2
30.6
34.3
52.4
50.0
55.6
45.5
52.9
52.8
47.4
66.7
66.7
43.5
25.8
42.5
43.2
45.7
45.1
44.6
47.8
45.8
42.3
41.4
44.4
44.2
50.0
42.1
45.0
48.4
41.1
31.3
41.3
43.5
47.5
51.3
68.4
62.5
43.9
66.7
61.5
47.9
35.3
50.0
40.0
56.9
33.3
33.3
37.3
44.0
50.0
35.7
46.6
41.5
41.9
41.2
42.9
32.7
26.7
35.1
33.8
50.0
41.0
24.0
26.9
41.4
35.1
39.2
45.3
40.0
44.2
52.5
30.0
38.3
36.6
44.0
27.8
54.3
48.6
36.8
40.4
37.5
38.2
51.6
41.7
51.5
59.3
52.5
58.3
31.0
58.1
38.5
40.0
45.2
51.4
48.6
42.6
52.5
32.7
56.1
49.2
61.8
52.4
40.7
52.9
51.9
53.1
41.2
57.7
42.1
33.3
52.4
37.9
47.2
50.0
35.1
57.9
46.7
52.4
48.6
48.3
43.5
27.3
40.9
40.0
61.1
34.7
63.6
50.0
50.0
34.1
47.5
48.2
40.0
40.0
58.1
50.0
32.3
32.3
45.5
54.3
53.8
48.3
47.5
65.4
41.2
42.9
37.8
42.4
61.1
31.3
41.7
48.9
46.2
43.9
41.2
32.3
21.3
44.4
46.9
37.5
43.8
52.0
55.8
55.2
31.4
35.9
30.3
35.1
40.7
26.3
72.0
70.6
66.7
71.2
48.2
57.1
31.4
51.7
60.3
55.0
75.0
51.4
60.0
44.0
44.4
52.6
47.6
36.4
61.8
51.5
32.5
57.4
28.1
36.7
32.4
26.5
36.5
33.3
34.8
24.0
25.0
22.9
49.2
61.1
48.4
62.1
45.5
58.5
51.2
48.4
56.5
60.0
50.0
54.8
50.0
52.6
54.3
57.5
44.6
47.6
48.6
33.3
45.2
36.7
53.5
48.7
28.6
53.1
35.0
52.3
42.2
42.4
45.5
46.8
53.1
54.8
44.7
31.0
51.4
50.0
48.9
54.0
48.6
41.9
55.9
44.7
60.0
37.2
47.6
37.8
49.2
45.5
61.4
55.9
47.8
61.9
50.0
35.0
38.9
42.6
41.8
35.9
41.4
57.1
41.7
39.5
32.4
40.0
43.8
31.3
50.0
44.4
43.2
41.7
47.8
60.6
42.5
57.7
46.3
53.8
39.4
31.0
51.7
52.8
51.4
55.1
44.8
54.3
51.2
51.6
47.1
33.3
38.2
34.0
57.1
43.3
46.4
36.1
51.7
51.6
51.5
58.3
70.0
52.0
67.6
59.0
46.7
63.2
42.3
25.0
48.8
44.9
30.6
35.7
40.0
44.4
48.5
30.8
53.8
36.6
40.0
41.2
42.9
61.3
43.8
61.1
48.4
71.0
54.3
42.3
44.6
58.3
50.0
51.1
40.0
57.7
48.6
50.0
44.0
44.2
43.8
41.2
40.5
39.3
27.7
35.5
66.7
69.8
40.3
56.5
51.9
58.1
54.3
57.1
33.3
53.8
54.8
45.5
38.7
45.5
52.6
47.2
46.9
31.1
41.7
27.8
65.0
37.5
42.1
34.1
34.9
34.4
51.5
35.1
48.3
60.0
48.5
43.9
60.0
43.8
51.1
59.6
64.3
45.2
48.3
42.4
29.3
47.6
51.8
34.7
45.5
42.9
47.5
41.5
52.9
58.5
45.9
42.0
45.5
44.0
46.2
27.3
48.6
50.0
51.6
50.0
40.0
37.9
39.6
46.9
13.8
26.3
45.8
42.9
40.5
26.5
33.3
46.7
48.5
75.0
43.9
63.9
32.5
46.6
47.1
38.7
37.5
34.6
37.8
42.9
44.1
28.6
65.5
51.4
36.1
41.0
63.2
52.8
28.0
28.0
51.9
35.1
45.5
26.3
26.4
34.0
43.2
44.4
40.5
28.6
40.0
41.2
52.4
48.4
51.6
51.7
51.2
40.0
42.9
46.2
50.0
50.0
51.6
21.5
43.5
32.4
47.5
46.2
44.3
32.7
72.7
50.0
51.3
35.7
28.6
64.8
51.4
50.0
69.2
66.7
70.3
45.7
35.9
56.7
50.0
59.2
85.0
64.0
42.6
48.7
39.3
64.3
42.9
50.0
50.0
49.0
60.4
44.8
40.0
45.0
50.8
44.1
45.2
51.7
55.6
50.0
30.0
40.4
44.3
40.0
47.8
55.0
26.5
40.5
56.7
66.7
70.5
66.7
58.8
62.2
57.4
64.1
43.8
54.3
40.3
43.2
65.0
50.0
53.8
55.0
39.4
54.5
50.8
45.0
52.9
37.9
34.4
35.5
46.4
45.0
42.9
53.3
30.3
53.8
46.3
54.3
41.5
46.2
45.5
16.7
42.3
18.2
48.8
30.3
33.3
48.6
48.7
52.4
36.4
43.3
38.0
48.4
57.1
46.4
49.3
54.8
47.8
50.0
41.4
52.9
48.8
38.2
38.5
29.6
45.2
42.4
31.8
40.9
48.9
63.6
45.8
32.5
53.6
44.6
41.7
43.3
62.1
60.0
50.8
54.3
56.7
41.4
48.4
51.5
53.1
68.2
59.3
37.0
46.4
51.4
43.8
44.1
50.0
34.4
28.6
45.7
41.0
53.1
41.2
58.3
44.6
66.7
56.5
48.9
40.6
36.1
60.8
41.0
56.8
40.6
50.0
44.6
51.7
60.0
55.0
44.0
33.3
44.4
47.3
35.0
55.2
50.0
46.5
47.4
56.9
64.3
38.2
57.1
33.3
42.9
60.0
35.5
37.5
50.0
40.6
37.1
34.3
35.1
43.1
22.2
53.8
65.0
44.8
65.3
65.8
51.7
42.6
14.3
67.9
43.9
56.8
46.7
32.5
53.8
36.7
48.4
44.1
50.0
40.0
54.5
61.7
42.1
40.0
37.2
37.3
63.2
29.7
56.8
53.8
37.9
50.0
30.3
54.0
50.0
48.3
57.1
45.3
58.1
34.3
38.7
41.8
38.9
29.4
40.0
53.1
38.9
43.4
36.4
33.9
39.5
44.4
36.8
41.4
52.0
58.3
34.8
57.1
28.6
52.4
50.0
44.0
57.1
56.8
52.9
32.2
36.7
44.1
47.1
51.6
40.0
51.2
40.0
44.4
62.5
56.0
36.7
36.8
56.4
49.0
46.9
45.9
48.5
43.3
41.4
45.5
43.5
32.0
47.4
38.5
35.0
62.9
63.9
54.2
59.1
51.9
46.7
26.6
36.8
52.0
43.3
45.2
20.0
45.5
37.5
65.5
60.6
62.7
46.2
50.0
60.4
55.6
47.4
46.0
29.2
41.7
43.9
45.5
31.8
45.8
45.0
48.3
47.4
36.4
47.9
45.5
25.0
55.0
31.3
