52.9
75.0
72.0
66.7
57.5
69.7
68.3
59.4
45.7
83.3
69.7
75.9
65.5
47.1
61.1
66.7
49.0
38.9
53.1
65.6
58.5
55.0
63.9
70.4
62.5
76.7
66.7
50.0
73.3
50.0
57.1
58.8
66.7
49.0
76.5
67.9
62.2
50.0
47.8
47.5
69.2
44.2
63.0
56.1
46.2
56.3
57.6
56.5
57.4
65.9
50.0
60.6
57.9
68.8
58.2
52.8
63.6
53.6
66.7
60.0
61.3
58.6
52.0
55.6
58.5
69.8
76.0
78.7
56.8
50.0
66.7
77.4
61.5
67.4
62.5
75.9
62.2
66.7
88.2
68.8
57.9
56.8
52.3
63.6
62.8
47.7
60.0
61.8
60.4
71.9
55.9
51.7
39.0
56.5
55.0
70.0
58.3
62.2
67.9
46.7
55.3
38.2
52.8
58.6
54.1
48.6
54.8
51.7
57.1
43.5
56.4
57.9
68.0
60.7
62.1
50.0
62.9
54.2
61.4
44.4
42.9
59.6
75.0
63.3
45.9
66.7
47.6
38.9
69.4
69.8
67.6
59.7
58.1
50.0
62.7
93.0
77.8
65.2
69.2
85.7
117.9
87.1
60.0
42.9
54.5
69.2
69.4
67.4
80.0
52.8
45.5
58.1
48.5
56.5
79.1
75.0
44.7
55.8
61.5
63.6
68.4
51.4
65.5
59.6
60.5
42.1
66.0
68.4
74.1
59.5
70.0
70.8
57.1
58.8
57.1
47.1
50.0
46.3
58.1
61.5
48.6
41.9
54.3
62.7
69.5
123.8
77.8
90.7
54.3
67.6
55.0
72.1
58.3
64.0
64.9
62.2
70.4
69.7
50.0
65.5
57.6
52.9
55.1
64.7
56.3
47.2
72.3
115.8
56.1
60.0
57.1
62.5
60.8
48.8
52.5
56.1
61.4
51.4
66.7
63.6
53.8
52.4
63.3
62.5
70.2
61.8
52.4
81.0
61.5
44.0
66.1
65.0
65.6
59.5
72.0
44.0
44.4
52.8
59.0
65.6
75.0
67.9
69.0
63.4
63.4
65.5
61.8
50.0
60.0
54.3
58.1
64.5
55.6
37.0
61.1
66.0
51.7
66.7
70.6
57.6
64.6
47.5
56.4
72.4
61.0
55.3
63.6
62.9
70.2
40.5
56.3
58.6
50.9
61.5
61.9
71.0
72.0
56.8
54.2
38.5
66.7
61.3
61.9
71.4
60.8
51.2
57.9
62.8
54.5
61.5
68.4
64.6
66.7
71.0
56.8
66.7
73.3
58.5
62.1
72.7
79.2
64.5
54.1
64.1
59.5
61.3
57.4
48.5
42.2
48.6
50.8
47.1
58.5
51.3
69.2
68.8
56.8
60.6
51.5
61.3
67.2
62.2
70.0
64.5
62.2
44.0
70.2
45.9
61.8
71.4
58.1
63.0
56.3
60.0
69.2
77.8
47.7
58.6
65.5
69.2
50.0
60.6
52.3
68.8
54.1
60.5
50.0
64.4
62.2
44.4
57.6
36.1
53.6
38.2
67.7
58.1
59.6
40.0
56.3
52.6
63.9
37.5
65.6
45.5
58.6
70.7
69.6
72.4
61.0
66.1
69.7
63.3
56.5
61.9
52.4
88.0
59.1
63.0
61.9
58.6
58.0
51.6
65.2
73.9
78.9
58.1
51.9
93.1
75.7
59.4
59.7
61.7
57.1
55.4
42.1
51.6
51.4
55.9
55.0
45.0
48.1
60.4
63.0
60.0
60.0
52.1
55.9
69.6
82.5
56.5
74.4
67.7
70.2
50.0
51.4
73.7
53.6
53.1
61.0
50.0
62.9
51.4
45.2
58.3
42.1
51.1
66.7
62.0
71.7
60.0
61.5
50.0
62.5
64.3
64.3
55.8
59.5
58.6
47.6
44.7
57.6
48.2
56.8
61.2
68.8
56.7
50.0
55.6
58.0
52.0
86.4
75.0
48.6
58.1
55.7
64.0
51.7
61.3
67.6
76.2
67.6
41.9
62.3
48.7
51.7
56.8
72.7
63.0
64.3
41.5
58.8
63.3
56.3
44.7
47.5
53.1
45.7
36.8
68.0
50.0
57.1
71.1
50.0
48.9
59.6
37.8
51.9
65.5
59.0
64.4
72.7
66.7
55.6
54.8
45.0
69.0
51.4
55.9
56.5
43.1
69.4
66.0
61.5
52.2
54.1
61.5
65.2
65.3
58.3
45.7
53.3
41.2
56.4
67.7
63.6
62.2
77.8
50.0
50.0
59.5
63.6
72.2
56.0
58.6
66.0
55.3
52.3
65.2
58.8
50.0
56.7
42.4
52.3
52.0
44.3
36.8
70.5
55.6
64.9
51.6
56.7
69.2
73.5
46.9
62.0
63.3
76.2
51.0
48.8
47.6
64.3
70.6
60.6
63.9
54.2
61.1
60.0
48.7
52.9
43.3
61.2
52.8
62.5
63.6
46.7
47.8
81.8
67.9
72.5
56.7
106.5
50.0
72.4
68.2
86.7
55.6
80.8
87.5
65.4
56.3
72.3
70.7
61.5
60.9
67.4
60.0
62.5
50.0
57.1
55.8
62.5
55.2
55.6
68.1
61.5
48.5
65.9
63.6
65.0
53.8
85.7
80.0
79.4
72.2
58.2
64.0
65.4
60.6
70.4
68.2
48.0
55.9
56.7
63.3
64.3
55.6
57.9
59.1
46.3
85.2
37.9
55.1
65.2
52.9
56.7
58.7
63.6
60.6
55.0
43.9
69.0
56.8
75.0
61.7
52.3
58.8
58.1
48.9
72.2
60.7
73.5
60.0
75.8
75.0
60.4
46.7
32.0
63.0
44.4
68.3
79.4
51.7
53.3
48.8
47.2
68.8
27.0
54.5
73.5
55.2
58.1
64.4
72.2
62.1
61.1
47.1
66.7
47.8
55.6
63.4
67.2
64.3
64.7
50.0
70.8
71.4
46.9
75.7
59.6
52.2
47.3
62.8
68.8
51.5
54.3
61.1
65.5
71.4
51.4
42.1
56.1
44.8
49.0
38.7
54.8
53.6
50.0
62.2
57.1
69.8
46.9
33.3
46.9
56.9
50.0
55.8
41.7
56.3
62.5
40.6
56.3
68.4
73.1
60.0
62.8
67.3
62.9
64.7
57.1
64.9
72.2
66.7
50.0
89.7
57.1
59.4
71.0
58.8
59.0
60.5
52.9
56.9
73.7
53.3
71.7
74.2
72.2
65.2
63.2
55.6
55.3
67.6
57.8
59.0
63.0
79.2
69.0
65.6
69.2
83.3
56.3
41.7
50.0
58.5
55.6
71.0
62.2
66.7
64.8
72.4
60.3
69.2
57.1
61.1
51.7
69.7
48.6
57.6
61.0
47.7
69.2
53.6
43.2
51.5
63.6
56.0
71.7
70.0
57.1
57.6
50.0
59.5
52.8
44.7
57.1
67.7
60.9
52.0
64.5
45.0
59.4
55.0
52.6
40.6
65.6
60.0
56.3
57.5
66.7
57.9
56.3
51.9
65.1
61.0
61.0
51.9
52.0
50.0
61.4
64.9
66.7
61.7
73.7
47.1
58.8
43.2
57.7
55.0
61.1
56.1
68.3
63.6
57.6
64.8
65.2
74.1
68.8
42.9
57.1
48.0
61.5
50.0
59.7
50.0
60.0
47.5
44.7
58.6
55.3
77.8
53.1
47.9
51.7
82.4
56.8
63.6
53.3
55.4
64.4
52.3
57.1
58.3
46.4
55.9
55.8
71.4
54.2
47.6
64.9
51.1
63.4
44.4
50.0
70.6
59.5
58.8
56.1
61.8
57.1
49.1
64.0
81.3
64.4
71.4
68.2
86.0
58.8
48.3
48.4
80.0
60.9
76.5
62.0
60.5
43.5
56.1
61.1
54.2
48.1
52.2
54.3
59.4
47.7
39.1
70.6
57.1
58.8
60.4
57.1
58.8
66.7
50.0
51.1
41.7
50.0
52.7
58.5
76.0
54.8
41.9
59.6
57.6
62.7
56.7
79.2
48.0
64.5
62.2
69.2
51.4
50.0
71.9
63.6
65.0
71.4
59.1
62.5
55.0
61.4
50.0
66.7
64.0
73.3
59.5
67.6
57.6
70.0
67.5
55.6
93.3
55.8
54.5
60.9
57.1
69.0
46.4
73.1
62.9
44.4
73.5
53.4
50.0
71.9
55.3
66.7
64.0
67.6
61.5
54.7
52.9
61.3
64.6
65.5
74.2
80.0
56.8
65.0
50.8
62.2
58.3
65.0
62.5
57.9
58.5
73.6
63.9
62.2
48.8
64.7
76.3
61.5
75.0
55.6
74.1
57.6
68.2
58.1
57.6
61.5
51.6
55.9
64.3
50.8
59.5
60.0
59.1
43.1
66.7
59.4
53.1
44.8
73.3
81.0
47.6
58.8
40.5
57.9
48.1
58.3
41.0
46.7
76.0
55.6
46.7
50.0
60.0
60.3
56.7
52.4
58.8
51.2
58.1
51.7
44.4
47.1
60.0
45.9
57.6
61.8
50.0
61.8
62.1
50.8
59.3
71.4
65.0
69.0
54.8
53.6
52.1
57.1
47.2
60.6
72.4
65.1
63.2
52.9
63.6
63.3
57.1
57.1
67.3
61.1
56.9
70.0
91.2
53.3
55.3
60.7
55.6
73.0
45.9
94.3
62.5
69.0
73.3
71.4
64.0
62.1
56.1
50.0
68.6
60.3
53.7
58.3
75.0
56.8
54.8
69.1
64.7
69.0
55.9
69.0
50.0
52.9
51.5
60.0
52.9
54.5
75.6
69.2
48.4
70.8
53.3
78.6
51.6
52.5
45.5
64.0
67.9
63.9
44.4
64.1
50.8
57.1
55.3
90.5
62.5
60.0
50.0
60.7
65.5
67.7
46.4
63.6
58.1
54.5
69.7
77.4
54.5
50.0
60.4
63.4
71.1
72.9
50.0
54.7
68.3
60.6
64.1
58.8
68.4
63.0
52.6
57.7
61.9
55.9
69.0
55.3
59.5
73.1
58.5
50.8
58.8
48.4
91.3
50.0
66.7
52.3
51.4
76.6
68.0
46.8
56.1
53.7
36.0
65.2
46.5
63.9
55.9
64.7
72.0
51.2
75.9
37.5
52.1
60.0
45.7
48.8
45.2
53.8
55.2
50.0
50.0
74.5
51.4
40.3
48.6
64.5
62.1
63.0
56.1
57.9
48.3
60.5
61.0
54.1
41.9
61.0
48.9
56.0
57.9
50.0
60.9
79.2
47.6
47.4
55.9
48.4
55.9
67.6
64.0
53.6
68.8
58.6
60.0
59.5
64.1
50.0
77.1
72.4
57.6
46.7
50.0
57.1
51.5
58.3
50.9
57.7
60.0
55.1
47.6
66.7
56.7
66.7
56.7
72.4
55.6
60.0
57.6
46.0
57.7
59.3
58.3
76.9
61.3
57.1
62.5
59.0
73.7
65.0
44.0
82.1
62.5
61.5
61.8
83.9
69.6
69.0
45.2
73.5
48.0
63.3
61.0
56.4
62.5
35.0
54.5
45.5
54.2
50.0
50.9
60.0
63.6
59.3
53.1
72.7
69.2
64.1
57.1
44.1
52.4
60.0
38.7
75.0
47.8
61.3
71.8
48.3
63.6
55.7
51.4
80.8
70.6
60.0
68.6
66.7
75.0
61.3
54.2
65.6
55.1
91.3
55.3
66.2
78.9
54.1
61.5
75.9
63.0
64.9
52.3
68.0
56.7
67.6
55.6
66.7
54.5
51.4
44.4
57.1
63.6
61.8
60.0
52.6
49.2
66.7
61.3
49.1
64.5
56.7
60.0
67.4
52.5
75.0
57.1
64.7
56.0
48.5
58.6
56.8
64.3
46.7
69.2
72.2
44.0
62.3
69.7
63.6
55.4
53.7
60.0
75.8
58.0
55.6
57.4
54.8
51.7
52.0
37.5
51.9
80.0
67.9
64.5
65.2
56.4
76.9
68.4
64.3
75.0
52.9
56.7
62.5
66.7
58.3
66.7
74.1
86.7
71.2
63.5
63.0
63.6
83.3
77.4
69.6
58.3
64.9
75.0
57.6
69.0
74.0
65.5
61.7
40.9
65.1
50.0
61.1
64.9
69.2
52.9
53.0
56.5
45.9
82.6
65.9
69.7
66.0
54.5
56.3
47.6
51.6
51.1
81.8
72.7
64.1
39.5
58.8
100.0
55.6
56.9
65.0
57.1
59.6
48.6
52.8
55.6
59.4
79.2
63.0
54.8
63.3
51.4
61.0
66.7
66.1
64.3
55.3
43.8
55.0
53.7
59.3
75.9
42.3
81.0
61.7
73.5
57.7
67.9
61.0
51.4
60.9
52.3
55.6
79.3
46.2
36.4
63.3
76.9
69.7
63.2
57.1
53.3
63.3
47.4
59.3
47.1
48.0
45.9
54.3
62.5
64.1
71.8
51.2
55.3
53.3
73.0
66.7
68.8
61.5
46.2
76.9
50.0
48.4
64.0
57.1
53.7
55.6
60.0
37.1
58.8
63.6
72.5
56.6
52.5
56.8
51.6
55.0
57.1
51.4
55.2
67.6
60.9
52.4
62.5
55.2
60.0
59.6
59.3
54.8
70.4
50.0
33.3
79.3
77.8
65.2
56.8
66.7
62.1
71.7
74.1
54.5
61.7
50.0
69.2
50.0
56.5
62.7
48.7
61.8
45.0
73.0
85.2
85.3
64.4
77.1
66.7
66.0
60.0
62.5
66.7
60.0
63.8
55.6
45.5
55.9
42.4
51.9
56.8
50.0
55.6
73.0
43.2
75.5
69.6
50.0
62.1
71.9
68.6
62.5
66.7
57.6
57.4
78.6
59.3
56.0
75.7
70.5
65.6
76.5
58.5
67.6
49.1
39.0
54.8
51.1
55.6
57.9
45.5
58.2
35.5
45.0
60.5
55.6
47.2
58.2
78.6
48.5
62.7
46.5
83.9
43.8
51.0
55.8
60.0
69.7
54.5
61.3
71.4
57.1
55.0
70.4
66.7
64.0
46.7
56.1
67.6
53.3
60.0
75.0
75.4
60.5
69.6
74.3
51.9
66.7
64.0
52.9
52.8
73.7
51.0
75.8
61.8
67.6
60.4
39.1
54.5
59.1
57.5
58.3
35.7
65.0
55.8
51.6
67.9
69.1
61.5
57.5
53.3
53.3
51.2
47.9
56.3
86.8
68.5
70.8
71.4
55.3
45.7
72.9
75.0
67.4
58.3
57.1
83.3
70.0
59.5
56.6
71.4
62.5
58.1
53.2
55.9
42.2
42.4
67.6
58.5
72.4
73.9
71.4
59.1
57.1
55.6
66.7
72.5
39.1
70.0
59.4
52.4
58.5
57.8
59.0
41.7
59.3
55.6
57.1
52.9
64.3
62.8
35.3
59.6
62.3
75.0
60.6
73.7
52.0
73.1
51.4
45.5
63.3
45.2
54.3
50.0
50.0
64.1
45.0
64.6
59.6
51.4
74.2
54.8
65.1
71.8
76.0
66.7
46.2
56.5
67.6
66.7
60.5
40.0
67.7
78.9
61.5
63.0
64.9
53.3
69.4
74.2
60.0
48.8
63.9
58.6
60.0
55.0
56.3
41.4
50.0
55.6
59.3
38.7
55.0
46.4
75.0
50.9
64.1
56.7
57.6
52.3
60.7
61.8
51.9
54.8
50.0
53.2
61.0
44.0
51.4
63.2
75.0
60.6
62.3
55.9
59.3
56.8
72.7
43.5
58.6
56.0
59.6
80.0
57.1
63.2
88.0
71.0
52.4
61.1
54.3
60.3
61.8
53.3
66.7
64.7
72.2
65.8
47.2
73.3
65.2
25.8
52.5
67.6
47.8
54.9
53.6
56.5
75.0
63.5
41.4
52.8
53.5
37.5
50.9
60.0
64.5
58.9
50.0
58.7
47.8
57.5
56.4
81.6
66.1
73.2
90.0
80.8
56.3
58.8
56.9
73.3
63.8
59.3
57.6
58.8
76.0
61.1
42.9
56.9
61.0
51.2
58.8
60.7
59.2
43.3
56.8
52.3
79.6
53.8
64.0
46.2
51.7
51.4
62.7
69.8
65.0
72.1
70.0
35.0
63.8
56.1
60.0
61.1
69.6
62.2
55.3
63.8
65.0
41.8
56.5
41.7
63.6
55.6
50.0
61.1
52.4
55.8
46.2
53.3
62.9
62.2
57.1
61.7
77.5
43.6
64.9
59.3
58.2
76.2
55.6
70.6
77.8
68.8
64.7
88.5
63.2
60.6
59.5
69.0
58.3
50.0
62.2
78.9
51.7
76.2
64.9
55.2
65.2
45.5
52.3
63.3
72.2
53.1
54.5
62.5
55.0
46.3
50.8
69.6
48.6
65.7
71.0
78.6
58.1
74.2
53.0
65.7
61.5
44.8
55.0
80.8
58.8
53.6
51.4
63.6
61.1
52.1
58.3
60.0
74.4
39.0
61.8
74.2
51.1
44.4
65.6
62.5
50.0
48.0
63.5
55.2
48.6
46.2
51.5
59.5
51.9
68.4
86.0
105.9
90.9
76.9
62.5
69.0
85.7
100.0
58.6
51.7
64.3
60.0
68.0
48.0
66.7
60.5
42.9
40.9
52.9
51.5
45.0
59.3
46.9
46.7
51.5
44.1
58.7
44.4
65.2
60.0
50.0
40.0
57.4
61.1
64.5
86.2
72.7
65.9
65.9
83.9
71.0
65.0
62.5
61.9
80.0
60.5
52.2
57.5
60.0
66.7
59.5
64.1
74.2
80.0
72.1
59.0
33.3
46.9
60.0
70.5
62.2
54.5
52.3
48.9
46.9
58.1
52.6
37.9
59.5
75.0
53.2
64.0
62.9
60.5
52.9
47.4
68.0
55.8
61.9
43.2
55.6
59.1
63.6
58.8
60.9
47.6
54.2
72.5
58.3
44.3
63.6
59.0
86.2
71.4
61.1
53.5
52.9
50.0
59.4
45.8
69.4
59.3
59.5
58.3
53.7
75.8
55.0
65.4
51.2
96.2
66.7
51.7
75.9
63.9
60.0
61.2
41.4
57.1
56.1
48.4
52.9
45.5
58.8
56.0
57.1
53.3
53.6
61.1
60.3
54.8
66.7
61.1
65.0
56.0
61.8
64.1
53.3
57.9
63.5
46.2
51.2
67.3
57.1
50.0
61.7
69.4
60.6
53.8
69.2
68.3
60.0
64.7
68.6
75.8
62.5
55.6
61.3
74.2
65.2
50.0
58.9
62.5
73.3
62.2
68.6
67.3
54.1
62.5
64.0
80.8
56.3
49.0
47.6
60.7
59.6
51.6
81.0
74.4
50.0
100.0
63.0
67.4
58.7
60.0
53.3
61.5
71.0
52.3
54.8
65.5
84.2
41.7
71.9
50.8
41.7
61.1
65.0
37.5
57.9
53.7
47.6
53.1
54.5
64.9
58.6
60.0
63.6
51.2
61.5
40.6
44.4
78.7
67.9
58.1
72.4
60.6
44.8
57.1
53.6
57.1
72.7
57.1
70.0
43.9
44.1
62.3
44.3
58.0
90.9
52.0
59.0
50.0
71.4
50.0
65.6
63.5
47.5
58.6
58.3
56.3
48.3
47.4
59.3
64.3
57.1
58.8
54.8
57.8
78.8
112.5
65.9
77.8
55.0
67.2
67.6
45.2
48.2
53.8
51.4
53.6
52.9
50.0
51.7
65.7
47.5
53.8
57.9
61.1
68.0
52.0
55.6
37.8
63.6
47.4
41.5
46.0
59.5
59.3
62.2
46.4
66.7
67.6
55.6
71.0
74.2
68.3
60.5
60.0
42.9
53.8
50.0
52.5
67.7
53.8
54.3
47.1
55.7
61.5
55.7
51.0
72.7
66.0
66.7
50.0
57.1
85.2
62.2
70.0
76.9
88.2
59.5
45.7
50.0
56.7
59.4
67.3
70.0
76.0
57.4
48.7
50.0
50.0
77.6
71.2
54.8
63.3
70.8
51.7
48.0
62.5
55.9
50.0
54.8
48.3
51.9
55.0
50.0
61.4
55.7
68.6
65.2
60.0
53.1
70.3
56.7
86.7
77.3
66.7
62.7
59.5
51.1
64.1
59.4
73.9
48.4
67.6
70.0
45.8
64.1
65.0
63.6
67.3
69.5
62.5
64.7
86.2
62.5
61.3
59.4
35.0
67.9
60.0
60.6
52.3
58.5
60.9
49.2
53.8
60.6
54.2
57.7
31.8
53.7
48.5
60.6
65.7
71.8
61.9
63.6
50.0
66.0
58.1
64.3
64.3
53.6
71.4
73.9
72.7
58.6
47.1
56.1
35.3
59.6
59.3
42.9
60.6
50.0
56.8
61.7
40.9
59.3
50.0
78.6
57.1
58.3
43.3
72.4
56.7
64.4
68.6
73.3
62.1
58.1
66.7
56.3
36.4
44.4
48.1
57.1
51.4
50.0
50.0
76.3
50.0
47.6
60.9
71.8
59.4
78.4
66.7
70.8
61.9
87.0
76.6
56.3
58.3
88.2
51.3
62.2
60.9
57.1
46.4
62.1
63.3
65.0
48.0
57.1
44.4
58.2
50.0
55.2
56.3
67.4
68.4
67.2
71.4
61.8
52.4
66.7
47.6
67.5
61.3
47.9
55.0
53.1
65.7
60.0
62.2
49.0
48.1
55.8
65.0
55.2
63.3
86.8
51.7
83.0
50.0
66.0
61.0
56.8
53.3
52.5
65.4
56.7
58.1
61.8
64.3
63.6
69.7
57.4
55.3
76.0
53.5
54.2
68.4
64.9
52.3
65.4
55.2
52.8
42.4
66.0
57.9
58.6
61.2
50.9
58.1
57.1
54.8
43.3
50.0
41.2
70.0
65.6
58.3
39.6
54.5
50.8
68.4
63.0
55.3
69.0
60.0
55.6
43.5
64.3
57.1
66.7
95.5
80.0
61.9
61.4
55.9
52.5
50.0
76.5
62.7
41.9
51.4
56.1
40.0
52.8
59.4
52.0
53.3
55.3
66.7
52.9
57.1
62.2
57.6
46.7
62.1
63.6
58.7
40.0
52.6
64.1
50.0
54.3
75.0
56.3
56.8
66.7
53.3
43.8
94.7
56.0
73.3
54.8
40.0
50.0
41.7
79.3
66.7
68.6
61.5
68.8
62.3
48.1
65.8
55.6
45.8
72.9
45.6
45.5
65.9
50.0
57.5
58.6
68.4
72.7
68.8
42.4
36.1
57.5
50.0
