50.0
75.0
68.0
59.5
50.0
69.7
68.3
62.5
41.3
71.4
75.8
86.2
55.2
50.0
55.6
70.0
57.1
36.1
56.3
62.5
63.4
62.5
63.9
66.7
54.2
66.7
66.7
46.0
65.0
63.2
54.0
58.8
64.6
51.0
67.6
58.5
62.2
50.0
52.2
52.5
69.2
39.5
55.6
63.2
46.2
53.1
51.5
52.2
55.6
65.9
55.0
60.6
60.5
65.6
61.8
50.0
60.0
60.7
58.3
65.0
61.3
55.2
56.0
57.4
51.2
66.0
68.0
74.5
59.5
47.1
72.7
74.2
64.1
69.6
66.7
70.7
64.4
72.2
80.4
62.5
63.2
54.5
56.8
69.7
60.5
47.7
60.0
67.6
58.3
65.6
50.0
48.3
46.3
50.0
55.0
63.3
52.8
54.1
60.7
55.6
57.4
44.1
58.5
62.1
59.5
51.4
58.1
55.2
60.7
34.8
61.8
63.2
68.0
64.3
62.1
50.0
65.7
45.8
64.9
50.0
47.6
59.6
72.7
66.7
54.1
66.7
42.9
47.2
69.4
62.8
62.2
58.1
65.1
50.0
66.1
102.3
80.6
73.9
73.1
68.6
110.7
96.8
61.7
42.9
50.0
61.5
63.9
67.4
82.5
50.9
33.3
58.1
57.6
52.2
81.4
75.0
52.6
60.5
50.0
75.8
65.8
59.5
65.5
59.6
60.5
42.1
66.0
66.7
67.2
52.4
65.0
66.7
57.1
61.8
60.0
50.0
54.8
48.8
64.5
57.7
51.4
44.2
65.7
61.0
72.9
123.8
81.5
86.0
56.5
70.6
60.0
65.6
75.0
56.0
70.3
67.6
70.4
66.7
38.9
63.6
54.2
52.9
57.1
61.8
54.2
44.4
74.5
105.3
54.4
56.7
52.4
62.5
56.9
58.5
52.5
57.9
59.1
51.4
63.3
68.2
50.0
47.6
67.3
62.5
66.0
64.7
57.1
81.0
64.1
42.0
64.4
60.0
59.4
59.5
68.0
40.0
44.4
47.2
61.5
62.5
65.0
60.7
69.0
61.0
68.3
62.1
61.8
50.0
55.0
54.3
58.1
67.7
53.3
37.0
50.0
68.0
48.3
71.1
76.5
63.6
68.8
52.5
59.0
72.4
61.0
59.6
69.7
65.7
68.1
37.8
59.4
56.9
50.9
69.2
71.4
67.7
68.0
62.2
58.3
34.6
64.7
61.3
66.7
81.0
54.9
51.2
68.4
60.5
57.6
69.2
71.1
60.4
66.7
74.2
59.5
66.7
75.0
56.1
62.1
78.2
70.8
64.5
47.5
66.7
59.5
61.3
59.6
54.5
51.1
51.4
50.8
52.9
63.4
48.7
69.2
65.6
59.5
63.6
54.5
67.7
59.0
59.5
73.3
67.7
60.0
68.0
64.9
54.1
61.8
68.6
54.8
70.4
53.1
66.7
76.9
75.0
52.3
51.7
69.0
61.5
50.0
60.6
45.5
62.5
64.9
60.5
60.7
60.0
66.7
50.0
57.6
41.7
55.4
38.2
64.5
51.6
63.8
40.0
57.8
50.0
61.1
43.8
65.6
40.9
62.1
68.3
65.2
65.5
56.1
62.9
66.7
57.1
60.9
57.1
52.4
80.0
50.0
61.1
57.1
51.7
58.0
58.1
62.1
78.3
73.7
58.1
51.9
89.7
64.9
59.4
56.5
55.0
57.1
50.0
39.5
58.1
57.1
47.1
65.0
45.0
51.9
66.0
63.0
62.9
60.0
50.0
70.6
73.9
80.0
60.9
74.4
71.0
72.3
41.7
57.1
78.9
58.9
43.8
63.4
57.1
65.7
54.3
41.9
47.2
42.1
48.9
64.1
60.0
73.9
54.3
56.4
46.4
55.4
57.1
59.5
51.2
57.1
55.2
52.4
42.1
54.5
51.8
56.8
57.1
64.6
53.3
50.0
55.6
58.0
54.0
77.3
67.9
45.7
55.8
45.9
68.0
55.0
58.1
64.9
76.2
67.6
45.2
58.5
51.3
56.9
54.1
51.5
51.9
53.6
43.9
58.8
60.0
62.5
53.2
52.5
53.1
45.7
34.2
68.0
60.5
57.1
60.5
50.0
60.0
55.3
43.2
51.9
62.1
59.0
64.4
75.0
70.0
50.0
57.1
46.7
69.0
48.6
61.8
60.9
51.0
66.7
70.0
53.8
43.5
48.6
65.4
65.2
65.3
63.9
45.7
53.3
41.2
58.2
64.5
59.1
64.9
70.4
55.0
50.0
51.4
67.3
66.7
60.0
58.6
66.0
50.0
58.5
65.2
70.6
56.3
53.3
48.5
50.0
60.0
45.9
36.8
72.7
51.9
70.3
58.1
53.3
69.2
64.7
50.0
54.0
63.3
71.4
51.0
48.8
54.8
67.9
73.5
60.6
66.7
62.5
58.3
61.8
51.3
58.8
48.3
59.2
55.6
59.4
63.6
60.0
47.8
75.8
64.3
68.6
53.3
87.1
54.2
62.1
61.4
85.0
72.2
82.7
79.2
69.2
68.8
66.0
65.9
61.5
56.5
67.4
52.5
65.6
47.6
61.9
53.5
64.3
55.2
52.8
68.1
64.1
48.5
61.4
54.5
60.0
50.0
80.0
71.4
64.7
75.0
60.0
60.0
67.3
60.6
68.5
68.2
48.0
55.9
56.7
60.0
60.7
55.6
60.5
56.8
48.8
74.1
41.4
57.1
65.2
58.8
56.7
56.5
59.1
57.6
60.0
46.3
66.7
54.1
78.1
57.4
54.5
52.9
53.5
48.9
64.8
53.6
79.4
60.0
69.7
78.6
56.3
43.3
48.0
63.0
38.9
65.9
76.5
50.0
51.1
51.2
47.2
68.8
29.7
54.5
64.7
56.7
51.2
57.8
66.7
63.6
66.7
50.0
51.5
47.8
58.3
63.4
57.4
60.7
70.6
50.0
70.8
61.9
49.0
73.0
59.6
60.9
43.6
53.5
65.6
54.5
62.9
58.3
58.6
71.4
45.7
42.1
56.1
41.4
53.1
45.2
54.8
57.1
50.0
59.5
59.5
58.5
50.0
30.0
53.1
50.0
53.6
57.7
41.7
65.6
68.8
37.5
62.5
78.9
69.2
56.7
60.5
61.8
68.6
58.8
51.4
64.9
66.7
69.2
55.9
79.3
59.2
62.5
71.0
64.7
57.4
67.4
52.9
63.1
73.7
53.3
62.3
77.4
69.4
63.0
63.2
55.6
55.3
67.6
53.1
59.0
55.6
70.8
69.0
68.8
84.6
80.6
56.3
41.7
60.6
56.6
63.0
67.7
62.2
60.4
64.8
69.0
58.6
65.4
60.7
66.7
62.1
60.6
43.2
57.6
52.5
54.5
65.4
64.3
48.6
48.5
57.6
56.0
68.3
72.0
57.1
54.5
46.7
56.8
50.0
52.6
57.1
61.3
69.6
52.0
61.3
52.5
56.3
52.5
49.1
43.8
62.5
60.0
59.4
60.0
60.6
56.1
62.5
55.6
55.8
56.1
63.4
59.3
68.0
50.0
63.6
56.8
61.5
57.4
65.8
41.2
58.8
48.6
50.0
45.0
52.8
51.2
63.4
63.6
66.7
53.7
65.2
70.4
65.6
35.7
61.9
56.0
53.8
57.1
51.6
48.1
50.0
42.5
50.0
55.2
60.5
77.8
37.5
52.1
55.2
73.5
64.9
54.5
50.0
53.8
61.0
47.7
52.4
70.8
46.4
55.9
55.8
78.6
54.2
47.6
51.4
51.1
63.4
44.4
50.0
76.5
64.9
55.9
61.0
60.0
60.0
49.1
68.0
87.5
62.7
65.3
68.2
83.7
58.8
41.4
46.9
90.0
55.1
70.6
60.0
63.2
41.3
58.5
58.3
60.4
59.3
56.5
54.3
59.4
47.7
41.3
70.6
64.3
70.6
58.5
61.9
64.7
68.8
50.0
53.2
52.8
50.0
45.5
63.4
80.0
51.6
41.9
61.4
60.6
64.4
66.7
75.0
48.0
67.7
59.5
61.5
51.4
50.0
68.8
59.1
60.0
75.0
52.3
56.3
52.5
56.1
56.7
58.3
60.0
76.7
54.1
59.5
63.6
70.0
67.5
50.0
86.7
50.0
60.6
60.9
57.1
64.3
39.3
76.9
71.4
42.2
61.8
53.4
58.3
68.8
53.2
66.7
58.0
64.9
65.4
56.3
52.9
71.0
70.8
62.1
67.7
73.3
51.4
66.7
50.8
64.9
58.3
65.0
70.8
57.9
61.0
71.7
61.1
62.2
53.7
64.7
68.4
50.0
70.0
55.6
63.0
57.6
68.2
61.3
60.6
64.1
51.6
58.8
71.4
54.2
62.2
60.0
63.6
49.0
64.1
62.5
54.7
41.4
63.3
81.0
42.9
60.8
40.5
60.5
48.1
58.3
43.6
50.0
76.0
55.6
40.0
53.8
60.0
55.6
56.7
54.8
58.8
55.8
58.1
53.3
48.1
47.1
60.0
54.1
60.6
70.6
50.0
58.8
62.1
47.5
63.0
65.7
65.0
62.1
61.3
58.9
50.0
51.4
50.0
63.6
72.4
60.5
65.8
58.8
63.6
63.3
64.3
52.4
65.3
58.3
56.9
66.7
91.2
50.0
55.3
67.9
53.7
78.4
56.8
91.4
56.3
69.0
66.7
76.2
60.0
60.6
58.5
57.9
60.0
57.1
51.2
58.3
75.0
51.4
58.1
69.1
79.4
72.4
50.0
73.8
52.9
47.1
57.6
65.0
52.9
52.7
77.8
74.4
58.1
66.7
46.7
71.4
54.8
50.0
54.5
64.0
71.4
66.7
47.2
59.0
57.6
60.7
44.7
81.0
58.3
72.0
56.3
57.1
65.5
67.7
48.2
66.7
58.1
60.6
72.7
64.5
54.5
44.7
52.8
58.5
66.7
62.5
50.0
51.6
60.3
60.6
64.1
55.9
68.4
70.4
63.2
61.5
61.9
58.8
62.1
57.4
67.6
73.1
51.2
50.8
58.8
48.4
91.3
61.5
59.5
47.7
54.3
68.1
60.0
53.2
53.7
56.1
44.0
60.9
51.2
61.1
52.9
61.8
72.0
55.8
72.4
40.6
52.1
70.0
47.8
53.7
54.8
59.0
58.6
52.9
52.8
70.9
51.4
44.4
51.4
45.2
65.5
63.0
53.7
50.0
44.8
50.0
58.5
51.4
46.5
53.7
51.1
54.0
64.9
48.3
60.9
70.8
47.6
42.1
47.1
48.4
55.9
58.8
68.0
53.6
59.4
69.0
60.0
59.5
56.4
51.9
77.1
75.9
60.6
43.3
55.3
64.3
63.6
63.9
56.4
57.7
60.0
59.2
45.2
62.5
56.7
66.7
56.7
62.1
58.3
60.0
54.5
42.0
61.5
59.3
55.6
73.1
64.5
60.0
56.3
62.3
78.9
62.5
44.0
76.9
62.5
61.5
64.7
83.9
73.9
69.0
48.4
64.7
52.0
60.0
61.0
52.7
62.5
40.0
60.6
45.5
52.5
47.6
49.1
63.6
65.5
66.7
51.0
81.8
65.4
61.5
54.8
44.1
52.4
60.0
41.9
71.9
52.2
64.5
61.5
55.2
63.6
57.4
54.1
69.2
73.5
57.5
65.7
61.1
80.0
59.7
50.8
65.6
61.2
82.6
55.3
63.5
68.4
56.8
61.5
75.9
74.1
62.2
54.5
68.0
55.2
51.4
44.4
62.2
66.7
54.3
44.4
57.1
60.0
58.8
55.0
57.9
50.8
59.0
64.5
49.1
58.1
56.7
54.3
67.4
55.0
78.6
54.8
58.8
60.0
51.5
58.6
54.1
64.3
50.0
64.1
77.8
44.0
65.6
63.6
63.6
55.4
56.1
51.1
66.7
52.0
63.9
57.4
54.8
55.2
56.0
40.6
51.9
76.0
67.9
64.5
65.2
56.4
73.1
68.4
61.9
72.7
47.1
53.3
56.3
70.8
58.3
66.7
70.4
80.0
62.7
67.3
61.1
61.4
77.8
77.4
66.1
52.8
59.5
75.0
63.6
69.0
68.0
58.6
58.3
40.9
65.1
42.3
58.3
64.9
73.1
52.9
51.5
56.5
45.9
78.3
61.0
69.7
71.7
45.5
50.0
42.9
58.1
46.8
63.6
68.2
66.7
37.2
52.9
94.7
55.6
51.0
60.0
55.1
63.8
42.9
52.8
55.6
62.5
72.9
59.3
51.6
66.7
54.3
61.0
50.0
62.9
60.7
60.5
53.1
55.0
51.2
59.3
75.9
50.0
71.4
60.0
70.6
53.8
75.0
59.3
54.1
56.5
61.4
59.3
75.9
53.8
42.4
66.7
76.9
66.7
60.5
53.6
55.6
63.3
52.6
57.6
41.2
48.0
51.4
60.0
65.0
66.7
66.7
53.7
52.6
53.3
73.0
69.4
64.6
59.0
44.2
69.2
53.6
41.9
64.0
59.5
51.2
63.0
65.7
42.9
70.6
66.7
70.6
52.8
55.0
54.1
45.2
60.0
61.9
48.6
62.1
64.7
57.8
47.6
54.2
56.9
60.0
65.4
48.1
50.0
59.3
50.0
36.7
72.4
88.9
65.2
54.1
72.7
69.0
66.7
81.5
59.1
66.7
52.6
69.2
50.0
54.3
62.7
53.8
67.6
60.0
78.4
88.9
88.2
62.2
79.2
60.6
59.6
60.0
68.8
70.8
56.0
59.6
61.1
42.4
55.9
45.8
51.9
59.1
50.0
59.3
73.0
51.4
66.0
65.2
50.0
62.1
75.0
68.6
58.3
69.4
59.3
53.7
85.7
70.4
64.0
62.2
68.2
56.3
70.6
58.5
64.7
49.1
39.0
54.8
53.3
55.6
63.2
54.5
63.6
32.3
50.0
65.8
53.3
47.2
55.2
78.6
42.4
62.7
46.5
83.9
50.0
53.1
57.7
63.3
60.6
45.5
64.5
61.9
57.1
55.0
64.8
71.4
68.0
50.0
56.1
64.9
57.8
54.0
65.0
73.7
65.8
65.2
57.1
55.8
66.7
60.0
56.9
55.6
78.9
55.1
75.8
61.8
59.5
58.3
39.1
54.5
61.4
50.0
55.6
38.1
60.0
53.5
54.8
66.0
67.3
69.2
47.5
56.7
53.3
58.5
47.9
50.0
79.2
61.1
75.0
63.3
55.3
42.9
76.3
75.0
72.1
63.9
52.4
79.2
67.5
61.9
58.5
71.4
62.5
58.1
55.3
58.8
44.4
45.5
73.5
56.1
72.4
65.2
66.7
68.2
59.2
55.6
55.6
76.5
47.8
66.7
62.5
54.0
53.7
48.9
53.8
50.0
54.2
59.3
50.0
52.9
59.5
55.8
35.3
56.1
60.4
75.0
63.6
78.9
50.0
69.2
65.7
51.5
65.0
41.9
51.4
45.8
52.9
66.7
45.0
66.7
59.6
59.5
74.2
54.8
60.5
76.9
72.0
63.3
41.0
56.5
54.1
68.6
63.2
48.0
66.1
84.2
64.1
59.3
70.3
55.6
63.3
71.0
62.9
51.2
63.9
51.7
62.9
55.0
62.5
41.4
45.5
61.1
63.0
32.3
55.0
42.9
65.0
52.8
64.1
60.0
54.5
45.5
57.1
61.8
55.6
54.8
57.7
57.4
64.4
44.0
48.6
65.8
67.9
63.6
62.3
58.8
61.0
64.9
72.7
52.2
65.5
60.0
57.7
60.0
57.1
65.8
84.0
71.0
57.1
58.3
54.3
60.3
55.9
55.6
69.7
61.8
66.7
63.2
50.0
73.3
69.6
25.8
55.0
59.5
56.5
58.8
51.8
52.2
79.2
59.6
44.8
52.8
58.1
40.6
50.9
60.0
64.5
58.9
40.6
52.2
43.5
55.0
61.5
78.9
62.5
75.6
86.7
76.9
58.3
64.7
55.2
86.7
62.1
59.3
54.5
62.7
68.0
66.7
57.1
60.3
61.0
46.5
58.8
60.7
57.1
56.7
56.8
55.4
68.5
56.4
52.0
46.2
58.6
48.6
64.7
66.0
70.0
67.4
62.5
40.0
59.6
51.2
60.0
52.8
67.4
59.5
63.2
57.4
62.5
45.5
54.8
47.2
57.6
63.0
52.5
66.7
47.6
55.8
38.5
46.7
56.5
62.2
62.9
61.7
67.5
40.0
61.4
57.6
63.6
66.7
66.7
70.6
85.2
78.1
58.8
88.5
57.9
54.5
66.7
72.4
61.1
47.1
59.5
73.7
55.0
71.4
73.0
55.2
63.0
45.5
54.5
58.3
61.1
53.1
54.5
62.5
55.0
51.2
55.7
73.2
54.3
65.7
67.7
82.1
64.5
77.4
53.0
62.9
53.8
51.7
55.0
76.9
64.7
46.4
48.6
66.7
63.9
54.2
66.7
62.2
74.4
41.5
61.8
54.8
53.2
52.8
62.5
65.6
52.1
56.0
63.5
62.1
54.3
51.3
51.5
59.5
51.9
68.4
94.0
94.1
103.0
78.8
62.5
71.4
77.1
103.4
60.3
60.0
60.7
71.4
68.0
52.0
66.7
60.5
42.9
45.5
50.0
57.6
45.0
63.0
59.4
46.7
51.5
50.0
50.8
48.9
69.6
52.0
60.7
42.9
60.7
63.9
61.3
89.7
72.7
68.3
70.7
71.0
66.1
70.0
59.4
66.7
70.0
57.9
52.2
65.0
60.0
73.8
59.5
56.4
74.2
73.3
72.1
59.0
42.9
46.9
58.3
72.7
55.6
54.5
52.3
46.8
50.0
54.8
47.4
44.8
62.2
72.2
59.6
62.0
60.0
55.8
55.9
57.9
72.0
51.2
57.1
43.2
50.8
54.5
59.1
61.8
65.2
52.4
54.2
67.5
58.3
47.5
61.8
53.8
72.4
78.6
66.7
58.1
52.9
45.0
62.5
50.0
69.4
59.3
59.5
45.8
49.3
78.8
45.0
65.4
53.7
96.2
69.7
41.4
72.4
61.1
60.0
59.2
44.8
54.3
53.7
54.8
55.9
45.5
61.8
56.0
57.1
56.7
53.6
58.3
60.3
54.8
63.6
63.9
70.0
60.0
58.8
66.7
53.3
57.9
61.5
40.4
53.7
57.1
55.1
50.0
53.3
77.8
69.7
50.0
69.2
61.0
64.0
61.8
74.3
74.2
57.8
58.3
61.3
61.3
63.0
38.5
60.7
66.7
76.7
53.3
62.9
69.2
62.2
54.2
64.0
78.8
62.5
54.9
50.0
50.0
61.7
61.3
81.0
72.1
48.4
104.3
66.7
81.4
60.9
62.9
55.0
73.1
71.0
56.8
51.6
65.5
78.9
41.7
68.8
52.5
41.7
66.7
60.0
41.7
55.3
51.2
55.6
56.3
51.5
56.8
58.6
68.0
66.7
61.0
64.6
43.8
44.4
80.9
57.1
58.1
69.0
60.6
48.3
66.7
50.0
53.1
72.7
63.3
65.0
46.3
44.1
66.0
52.5
62.0
90.9
56.0
59.0
40.9
68.6
50.0
65.6
63.5
52.5
55.2
62.5
56.3
44.8
52.6
54.2
64.3
50.0
50.0
57.1
64.4
80.3
100.0
68.3
83.3
65.0
62.1
64.7
48.4
46.4
50.0
45.9
42.9
55.9
50.0
51.7
65.7
45.9
51.3
59.6
61.1
68.0
56.0
48.1
40.5
63.6
47.4
43.4
42.0
54.1
68.5
67.6
46.4
60.0
67.6
61.9
67.7
71.0
68.3
55.8
52.0
42.9
53.8
51.7
65.0
58.1
50.8
54.3
47.1
59.0
69.2
57.4
57.1
81.8
64.0
64.1
54.8
57.1
83.3
67.6
74.0
65.4
90.2
62.2
48.6
46.9
60.0
62.5
65.3
70.0
68.0
59.6
48.7
50.0
50.0
65.3
75.0
57.1
63.3
66.7
51.7
46.0
55.0
55.9
44.1
54.8
55.2
51.9
55.0
50.0
66.7
60.7
71.4
56.5
65.0
59.2
64.9
58.3
86.7
72.7
72.7
64.7
56.8
51.1
64.1
65.6
69.6
45.2
64.9
85.0
45.8
66.7
70.0
63.6
76.4
66.1
60.0
64.7
100.0
56.3
67.7
58.0
30.0
67.9
56.7
57.6
52.3
51.2
54.3
52.3
53.8
54.5
54.2
57.7
40.9
46.3
45.5
57.6
62.9
71.8
66.7
66.7
50.0
60.0
58.1
61.9
64.3
62.3
66.7
56.5
59.1
55.2
52.9
61.0
47.1
59.6
66.7
42.9
57.6
50.0
50.0
57.4
45.5
49.2
50.0
71.4
58.9
50.0
46.7
65.5
60.0
59.3
57.1
73.3
69.0
58.1
69.7
56.3
50.0
44.4
44.4
57.1
62.2
54.2
58.8
71.1
53.1
52.4
60.9
66.7
62.5
74.5
58.3
69.2
71.4
87.0
66.0
62.5
66.7
82.4
46.2
62.2
57.8
64.3
46.4
55.2
56.7
57.5
48.0
52.4
48.1
54.5
50.0
62.1
56.3
65.1
63.2
69.0
66.7
70.6
50.0
66.7
52.4
65.0
64.5
52.1
55.0
50.0
71.4
65.7
62.2
51.0
44.4
61.5
60.0
53.4
69.4
84.2
55.2
85.1
50.0
60.4
61.0
56.8
50.0
52.5
69.2
56.7
58.1
58.8
60.7
65.5
60.6
55.3
57.9
76.0
53.5
55.9
78.9
59.5
63.6
69.2
55.2
52.8
33.3
66.0
50.0
62.1
59.2
50.9
53.5
54.3
54.8
44.8
44.4
41.2
60.0
65.6
61.1
39.6
63.6
50.8
60.5
59.3
55.3
69.0
68.0
58.3
45.7
59.5
57.1
61.9
95.5
72.0
59.5
59.1
64.7
54.2
50.0
73.5
52.9
48.4
62.9
58.5
36.7
52.8
56.3
52.0
40.0
44.7
69.2
51.0
59.2
67.6
60.6
48.3
55.2
60.6
54.3
48.0
57.9
53.8
60.0
54.3
66.7
58.3
63.6
66.7
53.3
53.1
84.2
56.0
70.0
58.1
33.3
52.3
41.7
75.9
60.6
68.6
61.5
75.0
71.7
55.6
65.8
57.1
54.2
64.6
47.4
51.5
65.9
54.2
65.0
56.9
63.2
70.5
66.7
48.5
41.7
57.5
50.0
