35.3
65.0
64.0
57.1
55.0
54.5
55.6
46.9
52.2
64.3
69.7
65.5
41.4
32.4
50.0
60.0
51.0
38.9
53.1
56.3
56.1
52.5
47.2
40.7
50.0
46.7
61.9
46.0
48.3
52.6
42.9
58.8
47.9
51.0
55.9
58.5
48.6
50.0
53.6
42.5
69.2
27.9
48.1
43.9
46.2
40.6
48.5
39.1
46.3
43.9
50.0
56.1
44.7
62.5
50.9
36.1
54.5
46.4
52.8
50.0
51.6
51.7
48.0
61.1
48.8
54.7
68.0
57.4
62.2
55.9
51.5
61.3
53.8
60.9
58.3
62.1
55.6
61.1
80.4
62.5
47.4
38.6
47.7
63.6
51.2
40.9
60.0
70.6
45.8
65.6
32.4
56.7
31.7
54.3
50.0
73.3
58.3
56.8
42.9
42.2
53.2
41.2
45.3
55.2
43.2
43.2
51.6
41.4
46.4
30.4
52.7
47.4
72.0
57.1
62.1
62.5
54.3
45.8
61.4
38.9
23.8
46.8
47.7
40.0
54.1
54.8
47.6
33.3
58.3
46.5
54.1
48.4
44.2
38.1
55.9
46.5
50.0
47.8
53.8
45.7
85.7
77.4
46.7
38.1
50.0
56.4
58.3
54.3
70.0
43.4
39.4
45.2
48.5
39.1
60.5
75.0
47.4
48.8
50.0
60.6
52.6
48.6
55.2
51.1
44.2
42.1
62.0
57.9
53.4
52.4
60.0
70.8
42.9
67.6
42.9
50.0
45.2
34.1
45.2
53.8
48.6
37.2
42.9
57.6
42.4
85.7
55.6
58.1
58.7
58.8
53.3
63.9
45.8
72.0
54.1
56.8
55.6
60.6
38.9
58.2
47.5
44.1
40.8
52.9
47.9
55.6
66.0
78.9
56.1
53.3
71.4
54.2
49.0
48.8
45.0
54.4
47.7
35.1
43.3
63.6
34.6
52.4
46.9
50.0
55.3
47.1
38.1
61.9
46.2
46.0
45.8
45.0
56.3
54.1
48.0
36.0
40.7
38.9
56.4
53.1
50.0
60.7
66.7
70.7
48.8
51.7
50.9
44.0
35.0
45.7
61.3
51.6
53.3
33.3
50.0
54.0
51.7
55.6
61.8
51.5
58.3
45.0
43.6
58.6
50.8
53.2
48.5
54.3
42.6
32.4
59.4
50.0
49.1
50.0
66.7
58.1
48.0
37.8
43.8
26.9
62.7
54.8
57.1
71.4
45.1
43.9
42.1
62.8
45.5
50.0
50.0
54.2
39.2
41.9
56.8
63.3
71.7
61.0
69.0
85.5
62.5
64.5
41.0
59.0
37.8
41.9
42.6
48.5
48.9
54.1
42.9
52.9
58.5
51.3
38.5
53.1
27.0
30.3
48.5
45.2
54.1
54.1
63.3
61.3
51.1
56.0
57.9
48.6
55.9
62.9
54.8
63.0
56.3
53.3
46.2
66.7
44.6
41.4
55.2
53.8
47.7
54.5
38.6
53.1
40.5
55.3
64.3
46.7
44.4
55.6
54.5
30.6
50.0
38.2
54.8
38.7
42.6
28.0
48.4
50.0
58.3
18.8
56.3
40.9
62.1
65.9
43.5
62.1
56.1
50.0
39.4
61.2
47.8
52.4
42.9
80.0
54.5
48.1
33.3
34.5
58.0
48.4
45.5
63.0
57.9
48.8
40.7
72.4
56.8
46.9
51.6
60.0
47.6
51.8
39.5
41.9
62.9
58.8
55.0
35.0
48.1
54.7
63.0
60.0
52.5
52.1
64.7
69.6
67.5
58.7
51.3
64.5
59.6
50.0
42.9
68.4
58.9
59.4
63.4
46.4
40.0
68.6
56.5
55.6
36.8
48.9
35.9
64.0
47.8
42.9
46.2
50.0
32.1
57.1
66.7
51.2
42.9
55.2
47.6
52.6
48.5
46.4
40.9
61.2
41.7
36.7
42.9
55.6
58.0
36.0
59.1
50.0
54.3
46.5
45.9
64.0
55.0
45.2
45.9
61.9
47.1
41.9
54.7
46.2
44.8
45.9
39.4
48.1
46.4
39.0
61.8
36.7
56.3
25.5
42.5
34.7
41.3
23.7
44.0
47.4
40.5
55.3
39.3
42.2
34.0
35.1
37.0
44.8
50.8
53.3
54.5
56.7
44.4
52.4
41.7
55.2
48.6
44.1
56.5
41.2
44.4
58.0
57.7
52.2
54.1
63.5
65.2
63.3
58.3
51.4
51.1
35.3
56.4
61.3
40.9
51.4
59.3
50.0
47.2
51.4
58.2
61.1
44.0
58.6
60.0
52.6
43.1
52.2
41.2
43.8
43.3
48.5
43.2
48.0
39.3
36.8
56.8
44.4
62.2
38.7
36.7
56.4
50.0
43.8
44.0
40.0
76.2
41.2
46.3
52.4
53.6
76.5
54.5
58.3
66.7
50.0
56.4
53.8
52.9
31.7
57.1
50.0
46.9
54.5
46.7
43.5
66.7
60.7
54.9
60.0
77.4
45.8
65.5
63.6
70.0
61.1
67.3
72.9
61.5
75.0
51.1
53.7
56.4
43.5
55.8
52.5
68.8
31.0
57.1
46.5
48.2
48.3
44.4
46.8
48.7
54.5
59.1
54.5
55.0
61.5
65.7
54.3
32.4
50.0
45.5
52.0
55.8
45.5
48.1
59.1
40.0
32.4
53.3
60.0
53.6
55.6
44.7
43.2
53.7
48.1
37.9
71.4
47.8
58.8
45.0
37.0
56.8
48.5
55.0
39.0
57.1
59.5
68.8
48.9
50.0
44.1
53.5
35.6
63.0
53.6
58.8
55.0
75.8
67.9
54.2
36.7
36.0
40.7
30.6
46.3
67.6
51.7
40.0
43.9
30.6
56.3
21.6
45.5
38.2
50.7
39.5
53.3
57.4
51.5
55.6
44.1
48.5
47.8
41.7
61.0
65.6
57.1
47.1
58.3
70.8
76.2
55.1
54.1
59.6
60.9
41.8
37.2
68.8
51.5
48.6
55.6
53.4
54.3
45.7
36.8
39.0
34.5
42.9
45.2
40.5
53.6
45.8
43.2
40.5
50.9
25.0
20.0
59.4
46.6
50.0
50.0
47.2
62.5
62.5
46.9
50.0
68.4
65.4
53.3
67.4
58.2
60.0
41.2
48.6
54.1
58.3
66.7
61.8
65.5
46.9
43.8
54.8
58.8
44.3
58.1
58.8
52.3
63.2
60.0
66.0
71.0
58.3
50.0
63.2
54.0
60.5
61.8
45.3
56.4
55.6
62.5
51.7
56.3
53.8
47.2
53.1
41.7
39.4
54.7
40.7
61.3
45.9
43.8
63.0
69.0
63.8
57.7
57.1
61.1
62.1
57.6
45.9
48.5
47.5
34.1
53.8
57.1
37.8
36.4
51.5
40.0
61.7
72.0
46.4
60.6
56.7
45.9
50.0
42.1
51.8
35.5
56.5
40.0
58.1
40.0
53.1
47.5
45.6
21.9
50.0
50.0
50.0
60.0
60.6
50.9
43.8
44.4
51.2
63.4
48.8
48.1
48.0
34.2
56.8
48.6
46.2
53.2
55.3
41.2
50.0
51.4
53.8
45.0
63.9
46.3
58.5
56.8
60.6
59.3
50.0
55.6
65.6
42.9
40.5
36.0
46.2
57.1
33.9
44.2
45.0
42.5
34.2
51.7
60.5
55.6
37.5
50.0
62.1
73.5
62.2
56.8
46.7
43.1
61.0
54.5
57.1
58.3
42.9
41.2
51.2
42.9
37.5
38.1
51.4
37.8
56.1
48.9
62.5
70.6
62.2
55.9
43.9
49.1
54.3
47.2
56.0
81.3
47.5
63.3
59.1
81.4
52.9
48.3
46.9
65.0
49.3
55.9
62.0
57.9
41.3
48.8
36.1
52.1
37.0
30.4
45.7
31.3
43.2
30.4
52.9
57.1
47.1
54.7
45.2
56.9
60.4
40.0
44.7
38.9
35.0
40.0
41.5
56.0
51.6
38.7
57.9
42.4
57.6
46.7
66.7
36.0
54.8
59.5
53.8
43.2
38.9
56.3
47.7
50.0
50.0
43.2
43.8
55.0
56.1
43.3
58.3
44.0
60.0
48.6
59.5
54.5
67.5
55.0
41.7
56.7
44.2
57.6
51.6
53.6
59.5
39.3
57.7
54.3
46.7
55.9
29.3
41.7
50.0
34.0
44.4
50.0
51.4
46.2
46.9
44.1
64.5
58.3
58.6
48.4
53.3
45.9
53.3
44.1
54.1
55.6
50.0
70.8
52.6
46.3
50.9
58.3
44.4
34.1
41.2
57.9
65.4
45.0
51.1
70.4
30.3
52.3
58.1
51.5
46.2
54.8
41.2
57.1
50.8
37.8
52.0
36.4
37.3
30.8
46.9
57.8
27.6
50.0
57.1
33.3
45.1
40.5
55.3
44.2
56.3
38.5
43.3
64.0
58.3
40.0
46.2
60.0
44.4
53.3
54.8
50.0
37.2
51.2
45.0
51.9
41.2
52.7
45.9
51.5
70.6
47.1
58.8
55.2
49.2
51.9
68.6
60.0
65.5
61.3
57.1
47.9
54.3
44.4
54.5
62.1
65.1
44.7
41.2
36.4
57.1
85.7
40.5
61.2
44.4
51.0
50.0
70.6
56.7
42.6
50.0
50.0
59.5
48.6
60.0
56.3
53.4
53.3
76.2
44.0
50.0
51.2
44.7
54.3
47.6
36.6
70.8
60.7
48.6
41.9
58.2
58.8
48.3
38.2
64.3
55.9
38.2
57.6
60.0
52.9
43.6
71.1
48.7
45.2
56.3
46.7
57.1
41.9
45.0
45.5
64.0
57.1
58.3
33.3
61.5
49.2
53.6
50.0
47.6
37.5
40.0
40.6
42.9
58.2
47.7
37.5
51.5
71.0
57.6
54.5
58.1
42.4
31.6
41.5
43.9
53.3
45.8
42.1
48.4
57.1
69.7
64.1
41.2
63.2
63.0
52.6
53.8
38.1
58.8
51.7
51.1
45.9
50.0
48.8
44.3
58.8
41.9
78.3
38.5
57.1
52.3
40.0
46.8
56.0
40.3
58.5
58.5
32.0
34.8
32.6
52.8
47.1
52.9
52.0
41.9
58.6
37.5
39.6
46.7
43.5
43.9
45.2
46.2
41.4
29.4
47.2
56.4
56.8
31.9
42.9
32.3
62.1
55.6
41.5
36.8
41.4
36.8
41.5
43.2
34.9
51.2
44.4
52.0
52.6
40.0
34.8
41.7
28.6
36.8
32.4
45.2
49.2
55.9
56.0
46.4
40.6
31.0
37.1
61.9
61.5
42.6
52.1
48.3
57.6
50.0
44.7
47.6
60.6
44.4
52.7
53.8
51.4
51.0
42.9
58.3
63.3
47.9
53.3
51.7
58.3
44.4
63.6
38.0
46.2
63.0
58.3
61.5
67.7
54.3
53.1
47.5
63.2
50.0
52.0
53.8
57.5
42.3
50.0
74.2
43.5
62.1
35.5
61.8
60.0
36.7
61.0
38.2
62.5
35.0
54.5
43.2
52.5
47.6
52.8
50.9
60.0
55.6
51.0
72.7
50.0
48.7
45.2
32.4
41.3
56.7
29.0
43.8
47.8
38.7
59.0
50.0
63.6
49.2
40.5
53.8
64.7
47.5
57.1
55.6
45.0
51.6
39.0
34.4
51.0
60.9
55.3
45.9
100.0
43.2
33.3
72.4
44.4
43.2
47.7
60.0
44.8
51.4
38.9
53.3
63.6
48.6
52.8
60.0
45.5
61.8
45.0
47.4
52.5
53.8
45.2
47.3
41.9
30.0
51.4
39.1
47.5
57.1
47.6
39.2
48.0
51.5
31.0
37.8
57.1
40.0
61.5
66.7
48.0
50.8
63.6
54.5
52.3
41.5
55.6
51.5
46.0
44.4
48.1
47.6
44.8
48.0
46.9
55.6
68.0
71.4
61.3
58.7
53.8
57.7
57.9
33.3
43.2
52.9
35.0
37.5
43.8
50.0
46.2
63.0
80.0
57.6
51.9
55.6
63.6
55.6
74.2
73.2
50.0
54.1
50.0
51.5
57.1
48.0
51.7
48.3
36.4
57.1
57.7
47.2
56.8
53.8
55.9
42.4
47.8
45.9
54.3
43.9
66.7
62.3
54.5
50.0
47.6
54.8
48.9
109.1
59.1
59.0
30.2
52.9
89.5
44.4
25.5
40.0
42.9
59.6
37.1
49.1
55.6
62.5
56.3
48.1
38.7
60.0
40.0
50.8
25.0
61.3
64.3
52.6
59.4
47.5
63.4
50.0
51.7
34.6
61.9
55.0
58.8
61.5
67.9
42.4
54.1
47.8
45.5
63.0
72.4
46.2
51.5
55.0
80.8
60.6
55.3
42.9
44.4
51.0
42.1
59.3
41.2
52.0
51.4
62.9
55.0
56.4
61.5
43.9
47.4
33.3
67.6
50.0
41.7
56.4
32.7
69.2
53.6
51.6
56.0
52.4
41.5
40.7
60.0
40.0
58.8
54.5
47.1
43.4
47.5
45.9
38.7
45.0
76.2
51.4
69.0
38.2
51.6
35.7
50.0
50.0
60.0
59.6
44.4
40.5
44.4
30.6
30.0
44.8
74.1
53.6
32.4
57.6
44.8
45.0
55.6
45.5
43.3
26.3
38.5
35.7
58.7
37.3
46.2
47.1
25.0
56.8
63.0
76.5
53.3
60.4
48.5
53.2
54.3
59.4
58.3
60.0
55.3
61.1
45.5
47.1
45.8
37.0
45.5
30.0
40.7
54.1
48.6
58.5
60.9
50.0
65.5
65.6
68.6
58.3
52.8
54.2
44.4
57.1
51.9
52.0
48.6
56.8
40.6
58.8
50.9
58.8
42.1
36.6
48.4
57.8
44.4
57.9
40.9
56.4
45.2
40.0
65.8
55.6
34.0
53.7
64.3
36.4
47.1
34.9
74.2
25.0
44.9
50.0
55.0
51.5
39.4
48.4
71.4
39.3
40.0
57.4
47.6
48.0
50.0
58.5
59.5
48.9
42.0
65.0
49.1
42.1
56.5
54.3
46.2
58.3
60.0
51.0
47.2
60.5
49.0
51.5
61.8
51.4
56.3
42.2
31.8
56.8
40.0
52.8
33.3
62.5
48.8
64.5
49.1
54.5
50.0
40.0
43.3
36.7
51.2
39.6
43.8
60.4
53.7
79.2
71.4
52.6
45.7
59.3
60.0
39.5
36.1
61.9
79.2
55.0
52.4
60.4
52.4
46.9
45.2
46.8
61.8
46.7
51.5
61.8
58.5
69.0
58.7
66.7
50.0
53.1
58.3
40.7
62.7
34.8
53.3
56.3
49.2
46.3
44.4
53.8
47.2
61.0
63.0
42.9
44.1
33.3
55.8
41.2
49.1
56.6
43.8
48.5
57.9
50.0
61.5
51.4
42.4
58.3
38.7
51.4
45.8
38.2
64.1
35.0
56.3
52.6
48.6
58.1
48.4
55.8
61.5
64.0
66.7
51.3
58.7
51.4
41.2
55.3
52.0
61.3
68.4
43.6
51.9
54.1
62.2
49.0
32.3
60.0
48.8
52.5
44.8
45.7
60.0
56.3
37.9
48.5
50.0
55.6
32.3
52.5
32.1
65.0
47.2
50.0
63.3
63.6
47.7
42.9
58.2
59.3
51.6
50.0
59.6
66.1
44.0
45.9
63.2
46.4
66.7
44.3
41.2
55.9
45.9
51.5
60.9
44.8
48.0
48.1
60.0
47.6
50.0
56.0
58.1
50.0
55.6
48.6
54.0
55.9
51.1
57.6
44.1
55.6
50.0
58.3
60.0
52.2
29.0
42.5
56.8
50.0
41.2
42.9
47.8
83.3
51.9
37.9
38.9
44.2
46.9
47.4
40.0
54.8
39.3
31.3
45.7
39.1
50.0
51.3
71.1
67.9
61.0
73.3
65.4
45.8
44.1
53.4
73.3
56.9
55.6
42.4
41.2
56.0
38.9
50.0
51.7
53.7
46.5
64.7
60.7
42.9
46.7
45.9
49.2
59.3
46.2
32.0
34.6
48.3
32.4
52.9
49.1
75.0
55.8
62.5
50.0
42.6
51.2
56.0
44.4
63.0
67.6
39.5
55.3
52.5
34.5
53.2
41.7
42.4
59.3
47.5
66.7
38.1
62.8
41.0
46.7
43.5
51.4
37.1
42.6
55.0
36.4
63.2
49.2
67.3
61.9
37.0
58.8
85.2
62.5
61.8
65.4
52.6
45.5
54.8
44.8
50.0
44.1
51.4
63.2
48.3
66.7
51.4
58.6
58.7
54.5
36.4
53.3
72.2
28.6
72.7
62.5
60.0
48.8
49.2
66.1
48.6
48.6
54.8
60.7
54.8
61.3
39.4
42.9
56.4
41.4
60.0
69.2
50.0
39.3
51.4
63.6
52.8
39.6
50.0
55.6
51.3
39.0
47.1
35.5
42.6
44.4
46.9
43.8
43.8
44.0
53.8
48.3
42.9
35.9
45.5
48.6
48.1
31.6
58.0
88.2
66.7
78.8
50.0
71.4
54.3
89.7
55.2
53.3
67.9
40.0
64.0
36.0
66.7
52.6
45.2
27.3
50.0
48.5
47.5
53.7
21.9
43.3
47.1
52.9
52.4
26.7
47.8
48.0
35.7
28.6
44.3
58.3
45.2
62.1
61.4
63.4
43.9
58.1
58.1
62.5
56.3
57.1
65.0
60.5
32.6
55.0
52.3
54.8
56.8
46.2
54.8
66.7
58.1
56.4
47.6
40.6
38.3
54.5
53.3
51.5
40.9
36.2
50.0
54.8
55.3
37.9
56.8
75.0
53.2
60.0
57.1
58.1
47.1
44.7
48.0
32.6
40.5
32.4
39.7
68.2
56.8
55.9
65.2
42.9
37.5
55.0
55.6
34.4
50.9
46.2
79.3
50.0
50.0
48.8
41.2
45.0
43.8
43.8
61.1
46.3
48.6
45.8
38.8
66.7
42.5
46.2
51.2
65.4
48.5
44.8
75.9
61.1
54.3
57.1
44.8
42.9
51.2
48.4
50.0
30.3
44.1
40.0
39.3
43.3
39.3
38.9
56.9
58.1
48.5
61.1
65.0
56.0
64.7
64.1
40.0
47.4
46.2
42.3
39.0
65.3
38.8
39.3
48.3
61.1
48.5
50.0
56.4
46.3
60.0
55.9
48.6
58.1
51.6
58.3
48.4
54.8
52.2
46.2
53.6
62.5
60.0
60.0
54.3
65.4
64.9
58.3
60.0
53.8
50.0
43.1
33.3
42.9
57.4
51.6
71.4
62.8
43.5
69.6
59.3
55.8
58.7
57.1
41.7
65.4
51.6
52.3
32.3
58.2
63.2
44.4
68.8
44.3
36.1
36.1
60.0
62.5
42.1
41.5
42.9
37.5
48.5
56.8
58.6
56.0
60.6
56.1
58.5
40.6
53.3
59.6
50.0
51.6
65.5
45.5
48.3
42.9
51.8
36.7
54.5
53.1
57.5
43.9
44.1
56.6
47.5
44.0
90.9
36.0
61.5
38.6
54.3
55.0
46.9
53.8
35.0
44.8
52.1
43.8
34.5
43.9
49.2
64.3
45.2
32.4
40.5
60.0
51.5
62.5
46.3
50.0
42.5
51.7
35.3
35.5
50.0
38.5
48.6
39.3
55.9
42.9
41.4
62.9
47.5
48.7
59.6
63.9
40.0
44.0
48.1
35.1
54.5
47.4
30.2
36.0
43.2
48.1
54.1
46.4
53.3
50.0
60.3
48.4
61.3
53.3
41.9
40.0
50.0
61.5
67.2
50.0
58.1
30.8
45.7
38.2
45.9
57.7
37.7
34.7
54.5
44.0
53.8
47.6
57.1
74.1
56.8
56.0
65.4
72.5
56.8
37.1
37.5
56.7
59.4
55.1
70.0
64.0
61.7
41.0
39.3
42.9
55.1
63.5
59.5
49.0
60.4
34.5
46.0
55.0
52.5
35.3
48.4
41.4
48.1
50.0
40.0
45.6
50.8
48.6
52.2
60.0
36.7
54.1
58.3
80.0
65.9
63.6
62.7
62.2
55.3
59.0
56.3
63.0
48.4
45.9
75.0
45.8
48.7
57.5
48.5
65.5
52.5
57.5
50.0
58.6
56.3
48.4
53.6
25.0
53.6
63.3
39.4
50.8
46.3
47.8
35.4
41.5
45.5
29.2
46.2
22.7
36.6
39.4
48.5
65.7
71.8
59.5
54.5
53.3
58.0
45.2
52.4
58.9
59.4
64.3
52.2
54.5
51.7
58.8
53.7
47.1
46.2
59.3
50.0
54.5
40.9
47.7
63.8
45.5
49.2
42.5
60.7
50.0
41.7
50.0
60.3
56.7
57.6
60.0
63.3
51.7
58.1
60.6
62.5
45.5
55.6
44.4
67.9
48.6
52.1
47.1
39.5
35.9
33.3
52.2
46.2
56.3
62.7
58.3
55.4
71.4
60.9
53.2
34.4
47.2
70.6
46.2
56.8
56.3
57.1
41.1
44.8
53.3
47.5
48.0
38.1
48.1
47.3
40.0
51.7
53.1
60.5
50.0
63.8
57.1
41.2
59.5
66.7
47.6
52.5
54.8
50.0
45.0
34.4
57.1
45.7
45.9
45.1
40.7
48.1
65.0
39.7
59.2
65.8
62.1
51.1
50.0
66.0
48.8
59.5
50.0
50.0
65.4
56.7
58.1
41.2
64.3
56.4
57.6
46.8
47.4
44.0
39.5
40.7
63.2
48.6
43.2
69.2
37.9
50.0
33.3
56.0
55.3
44.8
55.1
43.4
51.2
51.4
45.2
38.8
44.4
32.4
50.0
59.4
44.4
34.0
40.9
40.7
52.6
51.9
52.6
48.3
56.0
58.3
34.8
47.6
57.1
47.6
77.3
60.0
50.0
52.3
55.9
47.5
46.7
55.9
49.0
48.4
42.9
46.3
46.7
47.2
56.3
52.0
60.0
47.4
64.1
49.0
44.9
51.4
54.5
51.7
43.1
33.3
58.7
44.0
39.5
53.8
40.0
51.4
66.7
50.0
59.1
44.4
44.4
35.9
57.9
44.0
50.0
35.5
46.7
43.2
33.3
75.9
48.5
56.9
42.3
62.5
56.6
55.6
52.6
49.2
41.7
52.1
40.4
33.3
56.8
50.0
50.0
53.4
52.6
52.3
58.3
48.5
30.6
47.5
37.5
